year	LC	NT	VU	EN	CR	EX
0	8432	1036	804	465	225	0
1	8424	1040	805	465	219	9
2	8413	1045	805	466	214	17
3	8404	1049	806	467	209	25
4	8395	1054	807	467	204	34
5	8386	1057	809	467	199	42
6	8377	1061	810	468	195	51
7	8367	1064	811	469	191	59
8	8358	1069	812	469	186	67
9	8348	1073	813	470	183	75
10	8339	1077	814	470	179	82
11	8329	1081	814	470	176	90
12	8319	1085	815	471	173	98
13	8311	1088	816	470	170	106
14	8302	1091	817	470	167	114
15	8293	1095	819	469	164	121
16	8284	1099	819	469	160	130
17	8276	1102	820	468	158	137
18	8267	1105	821	468	155	145
19	8258	1109	820	468	153	153
20	8250	1112	821	467	150	160
21	8242	1115	822	467	147	168
22	8233	1118	823	466	145	176
23	8223	1122	825	465	142	184
24	8216	1124	826	464	140	191
25	8207	1127	826	463	138	199
26	8199	1129	827	463	136	208
27	8191	1131	828	462	133	215
28	8181	1135	830	461	131	223
29	8172	1139	830	460	129	230
30	8164	1141	831	459	128	238
31	8155	1144	832	459	126	245
32	8147	1147	832	458	124	253
33	8138	1150	834	457	122	260
34	8130	1152	833	457	120	268
35	8123	1154	834	457	118	275
36	8116	1157	834	456	116	282
37	8108	1159	835	455	115	290
38	8100	1161	835	453	114	297
39	8093	1163	836	452	113	305
40	8086	1164	837	450	111	312
41	8078	1166	838	449	110	320
42	8070	1168	839	447	109	327
43	8062	1170	840	446	108	335
44	8056	1171	841	445	107	342
45	8048	1173	842	444	106	349
46	8040	1174	843	443	104	356
47	8032	1177	842	443	103	363
48	8025	1179	842	442	102	371
49	8018	1179	841	443	101	378
50	8011	1181	842	441	100	385
51	8003	1183	843	440	99	392
52	7996	1184	844	439	98	400
53	7989	1187	843	439	97	407
54	7981	1188	844	438	96	414
55	7975	1190	844	437	95	421
56	7968	1191	843	436	95	429
57	7959	1194	843	436	94	436
58	7952	1195	844	434	93	443
59	7945	1196	845	432	93	450
60	7938	1199	844	432	92	457
61	7931	1200	844	430	91	464
62	7924	1202	845	429	90	471
63	7916	1203	845	428	90	479
64	7910	1203	846	427	89	486
65	7904	1204	845	427	89	493
66	7898	1204	845	426	88	500
67	7891	1206	844	426	87	507
68	7883	1208	845	425	87	514
69	7876	1209	846	424	86	521
70	7869	1211	844	423	85	528
71	7863	1212	844	422	85	536
72	7855	1213	843	422	84	543
73	7848	1214	844	420	84	551
74	7841	1216	844	419	83	558
75	7835	1218	844	418	82	565
76	7828	1219	844	417	81	572
77	7822	1219	844	416	81	580
78	7815	1220	843	416	80	586
79	7809	1220	843	415	80	594
80	7802	1221	843	414	80	601
81	7795	1222	843	413	80	608
82	7789	1222	843	412	79	615
83	7783	1223	843	411	78	622
84	7776	1225	841	410	79	630
85	7770	1226	841	409	78	637
86	7762	1227	841	409	77	644
87	7755	1228	840	409	77	651
88	7749	1229	840	408	77	658
89	7742	1230	840	407	77	665
90	7735	1232	840	406	76	672
91	7729	1231	840	405	76	680
92	7723	1233	839	405	76	686
93	7716	1234	839	403	76	693
94	7710	1235	838	402	76	701
95	7704	1236	836	402	76	708
96	7698	1236	836	401	75	715
97	7691	1236	835	402	75	722
98	7685	1236	836	401	74	729
99	7680	1236	835	401	74	736
100	7673	1236	834	401	73	744
101	7667	1236	834	399	73	751
102	7660	1237	834	399	73	758
103	7654	1237	835	398	72	765
104	7648	1237	834	398	72	772
105	7642	1237	834	398	72	779
106	7637	1236	834	397	71	786
107	7630	1236	834	396	71	793
108	7623	1238	833	396	72	800
109	7618	1237	833	395	71	807
110	7612	1237	832	396	71	814
111	7605	1238	832	394	71	821
112	7598	1239	832	394	70	828
113	7590	1240	832	394	70	835
114	7584	1241	832	393	70	842
115	7577	1241	832	391	70	849
116	7572	1242	831	391	69	856
117	7565	1242	831	390	69	863
118	7558	1242	831	390	69	870
119	7553	1243	830	390	69	877
120	7548	1242	829	389	68	884
121	7541	1243	829	389	68	891
122	7536	1243	828	388	68	898
123	7529	1243	828	388	68	905
124	7523	1243	828	388	68	912
125	7517	1243	828	388	67	918
126	7510	1243	828	387	67	926
127	7504	1243	827	386	67	933
128	7498	1244	827	384	68	940
129	7492	1244	826	384	67	947
130	7486	1246	826	383	67	955
131	7480	1245	825	383	67	961
132	7473	1246	824	382	67	969
133	7468	1246	824	382	66	976
134	7462	1246	823	381	66	983
135	7456	1245	823	381	66	990
136	7451	1245	822	380	66	997
137	7444	1244	822	380	66	1004
138	7439	1244	821	380	66	1011
139	7433	1245	821	379	66	1018
140	7427	1244	820	379	66	1025
141	7423	1243	820	378	66	1032
142	7417	1242	819	378	65	1039
143	7412	1241	820	377	66	1046
144	7406	1241	820	377	66	1053
145	7401	1239	820	377	66	1059
146	7394	1238	820	376	65	1067
147	7389	1239	820	375	65	1073
148	7382	1239	819	375	65	1081
149	7377	1237	818	374	66	1088
150	7373	1237	817	374	65	1094
151	7367	1237	817	373	65	1102
152	7362	1236	816	373	65	1108
153	7357	1235	816	373	65	1115
154	7351	1235	816	373	65	1121
155	7346	1235	816	372	65	1129
156	7341	1234	815	372	64	1136
157	7336	1233	814	371	64	1143
158	7331	1233	814	371	64	1149
159	7325	1232	813	370	64	1157
160	7319	1232	812	370	64	1164
161	7313	1233	812	369	63	1171
162	7307	1232	812	369	63	1178
163	7302	1231	811	369	63	1185
164	7296	1231	810	369	63	1192
165	7290	1230	809	369	64	1199
166	7285	1229	808	369	63	1207
167	7282	1227	809	368	63	1213
168	7276	1226	808	368	63	1220
169	7270	1226	807	368	62	1228
170	7264	1225	807	368	62	1235
171	7258	1226	806	367	62	1242
172	7251	1226	806	367	62	1249
173	7245	1226	806	366	62	1256
174	7239	1226	804	365	62	1263
175	7235	1226	803	364	62	1270
176	7229	1226	803	364	62	1277
177	7223	1226	803	363	62	1284
178	7219	1226	802	362	62	1291
179	7213	1225	801	361	62	1299
180	7208	1224	801	361	62	1305
181	7203	1224	800	361	62	1312
182	7197	1224	800	360	62	1319
183	7191	1224	799	360	62	1326
184	7186	1222	799	359	62	1333
185	7181	1221	799	358	62	1340
186	7175	1220	800	357	62	1347
187	7170	1220	798	357	62	1354
188	7164	1219	798	357	62	1361
189	7159	1219	798	357	62	1368
190	7153	1218	796	357	62	1375
191	7148	1217	796	357	62	1382
192	7142	1217	794	357	62	1389
193	7137	1217	792	357	62	1396
194	7132	1216	792	357	61	1403
195	7127	1215	792	356	62	1410
196	7122	1215	790	356	62	1416
197	7118	1213	790	356	61	1423
198	7113	1212	790	355	61	1431
199	7108	1211	789	355	61	1437
200	7102	1210	789	354	61	1444
201	7097	1209	789	354	61	1452
202	7091	1207	790	354	60	1459
203	7088	1205	790	353	60	1466
204	7083	1204	789	353	60	1473
205	7078	1203	788	352	60	1480
206	7073	1203	787	352	59	1487
207	7067	1203	786	352	59	1495
208	7062	1202	785	352	59	1502
209	7057	1201	785	350	59	1509
210	7051	1201	784	350	59	1516
211	7045	1200	784	350	59	1523
212	7039	1200	784	350	58	1530
213	7034	1200	783	349	58	1537
214	7028	1198	783	350	58	1544
215	7023	1197	783	350	58	1551
216	7017	1196	784	349	57	1558
217	7012	1195	784	349	57	1564
218	7006	1196	783	349	57	1571
219	7000	1195	782	349	57	1579
220	6996	1194	780	348	57	1585
221	6992	1192	780	348	57	1593
222	6987	1190	780	347	57	1600
223	6981	1190	780	347	57	1607
224	6975	1190	779	346	57	1614
225	6969	1190	779	346	56	1621
226	6963	1188	779	346	56	1628
227	6957	1188	779	346	56	1635
228	6952	1188	778	345	56	1643
229	6947	1187	776	345	56	1650
230	6942	1187	775	345	56	1657
231	6937	1186	774	343	56	1664
232	6932	1186	774	343	56	1671
233	6926	1186	773	343	56	1678
234	6920	1186	772	342	56	1685
235	6915	1185	772	342	56	1691
236	6909	1185	771	342	56	1698
237	6904	1184	770	341	56	1706
238	6898	1185	769	341	56	1713
239	6892	1184	769	340	56	1720
240	6888	1183	769	339	56	1726
241	6882	1184	768	339	56	1733
242	6876	1183	767	339	56	1740
243	6870	1182	767	339	56	1747
244	6865	1181	767	338	55	1755
245	6860	1180	766	337	56	1762
246	6854	1180	765	338	56	1768
247	6848	1180	764	338	56	1775
248	6844	1179	763	337	56	1782
249	6839	1178	763	337	55	1789
250	6832	1178	762	336	56	1796
251	6827	1178	761	337	56	1803
252	6822	1177	760	336	56	1810
253	6817	1177	759	336	55	1816
254	6813	1175	759	336	55	1823
255	6807	1174	759	336	55	1830
256	6802	1173	758	336	55	1837
257	6797	1172	758	335	55	1844
258	6790	1172	758	335	55	1851
259	6785	1172	756	335	55	1858
260	6779	1172	757	334	55	1864
261	6774	1172	756	334	55	1871
262	6769	1170	756	333	55	1878
263	6765	1169	755	333	55	1884
264	6760	1168	755	332	54	1892
265	6755	1169	753	332	54	1898
266	6750	1167	753	331	54	1905
267	6746	1167	752	330	54	1912
268	6741	1165	752	329	55	1919
269	6736	1165	750	330	54	1926
270	6731	1164	749	330	54	1932
271	6726	1163	749	330	54	1939
272	6721	1162	750	329	54	1945
273	6715	1162	749	328	54	1952
274	6710	1162	748	329	54	1959
275	6705	1162	747	328	54	1966
276	6700	1160	746	328	54	1972
277	6695	1160	745	329	53	1979
278	6690	1159	744	329	53	1986
279	6686	1157	743	329	53	1993
280	6679	1157	744	328	53	1999
281	6674	1156	744	328	53	2006
282	6670	1155	743	328	53	2012
283	6664	1155	742	327	53	2019
284	6660	1153	742	327	53	2026
285	6655	1153	741	326	53	2032
286	6650	1153	741	325	53	2039
287	6645	1152	741	325	53	2046
288	6641	1151	740	324	53	2052
289	6636	1151	739	324	53	2059
290	6631	1150	738	324	53	2065
291	6626	1149	738	323	54	2072
292	6620	1148	737	323	54	2079
293	6615	1147	736	323	54	2085
294	6611	1146	735	324	54	2092
295	6605	1145	736	323	53	2099
296	6600	1144	736	322	53	2106
297	6595	1143	736	322	53	2113
298	6590	1142	734	322	53	2119
299	6584	1142	733	322	53	2127
300	6580	1141	732	322	53	2133
301	6575	1139	733	321	54	2140
302	6569	1138	732	321	54	2146
303	6564	1137	731	322	54	2153
304	6559	1136	730	322	54	2160
305	6554	1135	730	322	54	2167
306	6549	1133	729	322	54	2173
307	6544	1132	729	322	54	2180
308	6538	1131	729	322	54	2186
309	6533	1130	729	322	54	2193
310	6528	1129	728	322	54	2200
311	6523	1129	728	321	54	2206
312	6517	1130	727	321	54	2212
313	6512	1129	726	320	54	2219
314	6507	1128	726	320	54	2226
315	6504	1126	726	319	54	2233
316	6499	1124	726	319	54	2239
317	6494	1124	725	319	53	2246
318	6489	1123	725	319	53	2252
319	6485	1122	724	318	54	2259
320	6479	1122	724	318	53	2266
321	6476	1121	723	317	53	2272
322	6470	1120	722	317	53	2279
323	6465	1120	721	316	53	2285
324	6460	1121	720	316	52	2292
325	6455	1120	719	317	52	2298
326	6449	1119	719	317	52	2305
327	6444	1117	718	317	52	2312
328	6440	1116	718	317	52	2318
329	6436	1116	716	317	51	2325
330	6430	1116	715	316	51	2331
331	6426	1116	714	317	51	2338
332	6421	1115	713	316	51	2344
333	6417	1114	713	316	51	2351
334	6411	1114	712	316	51	2358
335	6406	1113	712	315	51	2364
336	6401	1113	710	314	52	2371
337	6396	1112	710	314	51	2377
338	6391	1111	710	314	52	2384
339	6387	1111	708	313	52	2390
340	6381	1110	708	313	52	2397
341	6377	1110	707	312	52	2404
342	6372	1109	706	312	52	2410
343	6368	1109	705	312	51	2417
344	6363	1107	705	312	51	2424
345	6357	1106	705	312	51	2430
346	6353	1105	704	311	51	2437
347	6349	1104	704	311	51	2443
348	6344	1103	704	311	51	2449
349	6339	1102	704	310	51	2456
350	6334	1100	703	311	50	2462
351	6329	1100	703	311	50	2468
352	6324	1100	702	311	50	2475
353	6319	1098	701	311	51	2481
354	6314	1098	700	311	51	2488
355	6309	1095	700	310	51	2494
356	6306	1095	699	310	51	2500
357	6301	1095	698	310	51	2506
358	6296	1095	697	309	51	2512
359	6291	1093	698	309	51	2519
360	6287	1092	698	308	51	2525
361	6282	1091	698	307	51	2532
362	6278	1089	698	306	51	2538
363	6274	1088	696	307	51	2545
364	6270	1087	696	307	51	2551
365	6266	1085	695	308	50	2558
366	6261	1085	693	308	50	2564
367	6255	1084	693	308	50	2571
368	6250	1083	693	307	50	2578
369	6245	1083	693	306	50	2584
370	6241	1082	691	307	50	2590
371	6237	1081	691	306	50	2596
372	6233	1079	691	305	50	2603
373	6229	1077	691	305	50	2609
374	6225	1077	690	305	50	2615
375	6220	1076	689	305	49	2622
376	6216	1075	688	304	49	2628
377	6211	1074	688	305	49	2635
378	6206	1073	687	304	50	2642
379	6202	1072	686	304	50	2648
380	6198	1071	686	303	49	2654
381	6194	1070	685	303	48	2660
382	6189	1070	684	302	49	2667
383	6186	1068	684	302	49	2673
384	6182	1067	683	301	49	2679
385	6177	1067	682	301	49	2685
386	6172	1066	682	301	49	2692
387	6167	1064	681	300	49	2699
388	6162	1063	681	300	49	2706
389	6158	1062	680	300	49	2711
390	6154	1062	680	299	49	2718
391	6148	1061	680	298	49	2724
392	6143	1061	679	299	48	2731
393	6139	1061	678	299	48	2737
394	6135	1060	677	298	48	2743
395	6130	1058	677	297	49	2750
396	6125	1057	678	296	49	2757
397	6120	1055	677	296	49	2764
398	6115	1055	676	296	49	2770
399	6110	1053	676	296	49	2777
400	6105	1053	675	296	48	2783
401	6102	1052	675	296	48	2789
402	6096	1052	675	296	48	2795
403	6091	1051	674	296	48	2801
404	6085	1051	673	296	48	2808
405	6081	1050	672	296	48	2814
406	6076	1049	671	296	49	2820
407	6071	1049	670	296	49	2826
408	6067	1048	669	295	49	2832
409	6062	1048	669	296	49	2838
410	6057	1047	669	294	49	2844
411	6052	1046	669	294	49	2850
412	6048	1045	669	294	49	2856
413	6042	1045	669	294	48	2863
414	6038	1044	668	294	48	2869
415	6034	1044	668	293	48	2875
416	6029	1042	667	293	48	2881
417	6024	1043	666	293	48	2887
418	6019	1041	667	293	48	2894
419	6014	1040	667	293	48	2900
420	6009	1039	667	293	48	2906
421	6005	1038	666	292	47	2912
422	6000	1037	666	292	47	2918
423	5995	1037	665	293	47	2925
424	5990	1036	664	292	47	2931
425	5987	1035	663	293	47	2937
426	5983	1033	662	293	47	2943
427	5978	1033	662	292	47	2950
428	5974	1031	661	293	47	2956
429	5969	1030	661	291	47	2962
430	5965	1030	660	290	47	2968
431	5960	1030	660	290	47	2975
432	5955	1028	660	290	47	2981
433	5951	1027	659	290	47	2987
434	5945	1027	658	290	48	2993
435	5941	1027	658	290	48	2998
436	5936	1026	658	289	47	3004
437	5932	1026	656	289	48	3010
438	5927	1026	655	289	48	3016
439	5922	1024	656	289	47	3023
440	5918	1024	655	288	47	3029
441	5913	1023	655	288	47	3035
442	5908	1022	654	289	47	3041
443	5904	1021	653	289	47	3047
444	5900	1020	652	288	47	3053
445	5895	1020	652	288	47	3059
446	5891	1019	651	288	47	3065
447	5887	1019	649	288	47	3071
448	5883	1018	649	287	47	3078
449	5879	1017	649	287	47	3083
450	5874	1016	648	286	47	3090
451	5869	1015	648	286	47	3096
452	5865	1014	646	286	47	3103
453	5861	1013	645	286	47	3109
454	5855	1013	645	285	47	3115
455	5851	1013	643	286	47	3121
456	5847	1011	643	285	47	3127
457	5842	1011	643	286	47	3133
458	5838	1010	643	285	47	3139
459	5833	1009	642	285	46	3145
460	5828	1008	642	286	46	3151
461	5823	1008	641	286	46	3157
462	5819	1007	641	285	46	3163
463	5814	1007	640	286	46	3169
464	5809	1006	639	285	46	3176
465	5806	1004	638	285	45	3181
466	5802	1004	638	285	45	3187
467	5798	1003	637	286	45	3193
468	5794	1001	638	284	45	3199
469	5789	1000	637	283	45	3205
470	5784	1000	638	283	45	3212
471	5779	999	638	282	45	3218
472	5775	998	637	282	45	3223
473	5770	998	636	282	45	3229
474	5765	998	635	283	45	3236
475	5760	997	635	282	46	3242
476	5755	996	634	283	46	3248
477	5751	995	634	283	45	3253
478	5747	994	633	283	45	3259
479	5743	993	634	281	45	3265
480	5738	993	634	281	45	3271
481	5734	991	633	281	45	3277
482	5729	990	633	281	45	3283
483	5724	990	631	281	45	3289
484	5720	989	631	280	45	3295
485	5715	989	630	279	46	3301
486	5711	989	629	280	45	3307
487	5706	988	629	279	45	3313
488	5702	987	630	278	46	3319
489	5698	986	630	278	46	3324
490	5694	984	628	279	45	3331
491	5689	984	628	278	45	3337
492	5685	983	628	278	45	3343
493	5681	982	627	277	45	3349
494	5677	980	626	277	45	3355
495	5674	979	625	277	45	3361
496	5670	978	624	277	45	3367
497	5666	977	624	277	45	3372
498	5661	975	625	276	45	3378
499	5657	974	624	276	45	3384
500	5652	972	624	276	45	3390
