0 0 0 0 0 0 0 0 0 0 0 0 0 0 0 0 0 0 0 0 0 0 0 0 0 0 0 0 0 0 0 0 0 0 0 0 0 0 0 0 0 0 0 0 0 0 0 0 0 0 0 0 0 0 0 0 0 0 0 0 0 0 0 0 0 0 0 0 0 0 0 0 0 0 0 0 0 0 0 0 0 0 0 0 0 0 0 0 0 0 0 0 0 0 0 0 0 0 0 0
6 10 9 6 9 11 7 6 9 11 6 8 7 13 9 13 9 10 6 7 12 8 8 5 9 7 11 9 11 11 6 14 12 6 8 12 12 12 5 7 4 5 11 9 9 9 10 9 15 12 8 6 7 6 5 5 6 7 11 9 6 9 8 14 4 15 9 3 10 5 12 8 3 6 9 6 8 5 6 5 8 9 7 9 14 5 6 13 7 8 11 7 13 6 6 14 10 8 12 7
16 18 17 13 17 25 16 15 19 21 18 16 16 18 20 20 13 18 11 20 25 15 14 16 18 11 19 17 23 16 12 23 19 12 17 16 20 26 15 14 11 13 22 20 19 19 19 25 18 22 17 10 10 10 16 9 16 14 18 20 14 14 19 25 13 20 13 9 14 14 16 14 8 16 17 13 15 12 16 18 20 17 12 17 24 10 15 21 17 15 19 22 24 16 13 21 17 16 18 16
21 20 29 16 24 30 25 27 29 25 25 25 24 27 26 24 25 25 18 26 35 25 22 27 22 18 27 26 27 28 21 25 31 22 24 24 28 33 24 23 22 23 28 31 31 25 29 37 28 28 27 18 24 14 19 14 23 20 26 24 26 19 24 33 28 26 24 18 25 22 20 26 18 25 24 17 20 15 28 27 26 24 18 22 28 17 24 27 20 23 24 31 35 24 22 26 21 26 28 25
32 28 39 24 33 38 36 38 35 31 43 32 36 33 35 29 34 30 27 37 45 30 31 36 29 25 36 38 34 34 28 35 41 35 31 33 37 42 31 31 30 30 37 44 34 36 38 44 39 34 33 25 28 26 28 20 33 35 30 37 29 29 28 44 37 34 34 21 33 32 32 37 24 28 34 22 34 24 35 36 30 32 23 31 37 31 36 34 30 30 41 43 43 38 31 31 29 35 40 36
36 37 43 34 38 48 43 46 44 38 51 43 49 37 48 38 48 39 32 45 52 39 42 40 39 40 44 43 44 46 39 49 49 47 41 42 48 53 38 40 41 40 45 56 43 46 45 55 45 47 40 35 36 32 36 27 44 42 39 49 41 37 33 54 50 45 42 30 41 35 39 46 36 36 40 36 43 33 44 46 35 37 32 39 50 41 41 44 34 40 52 44 46 48 37 42 34 40 48 43
46 44 51 45 49 56 51 51 51 51 62 52 57 45 63 44 52 44 41 50 59 51 49 46 43 46 53 49 50 54 54 53 52 57 48 54 52 63 46 49 48 49 53 64 49 53 48 59 50 55 48 43 47 43 43 38 55 49 51 53 48 43 39 61 62 49 50 31 48 39 48 53 42 47 51 43 53 44 50 49 42 49 41 51 58 45 46 50 49 48 63 51 49 53 46 50 43 51 62 48
50 55 58 47 64 70 65 53 55 60 74 60 61 54 73 53 61 53 45 62 65 62 56 52 51 50 59 56 62 59 56 66 54 62 52 61 64 70 50 60 54 59 62 76 53 61 54 69 56 68 56 50 52 53 47 48 64 57 63 57 53 48 45 68 73 58 62 42 51 51 54 60 47 56 62 47 61 51 58 57 50 53 59 57 64 53 56 62 52 58 69 56 57 59 55 63 50 55 75 56
55 63 66 57 71 80 71 62 60 67 82 64 71 60 87 60 67 55 58 71 70 70 62 58 56 58 65 62 72 72 67 69 61 71 61 66 71 78 58 69 65 67 67 83 61 70 65 74 59 75 61 60 57 66 53 57 75 66 72 61 61 52 55 77 82 66 71 48 58 63 60 71 58 59 71 52 73 60 67 63 53 61 70 64 73 60 59 64 60 68 76 59 63 70 63 74 61 62 78 63
62 74 77 67 76 88 77 73 70 75 89 71 79 66 93 72 75 68 67 76 74 78 68 64 63 68 69 69 81 83 79 77 75 83 67 71 84 83 65 75 75 75 73 90 71 71 73 82 63 79 71 64 67 77 56 63 81 74 82 68 72 56 65 84 95 80 76 56 68 74 70 74 64 68 79 56 78 68 80 70 58 65 81 74 82 71 69 69 74 75 86 68 73 77 79 81 66 68 87 74
75 79 85 77 88 92 84 80 82 82 102 74 83 72 99 80 80 77 74 82 80 87 71 68 73 75 79 82 87 94 90 93 82 87 75 77 96 92 68 80 89 80 76 94 85 76 87 85 71 87 80 76 71 83 60 72 89 84 90 72 83 65 75 96 104 88 82 65 76 84 79 79 67 77 90 70 86 76 89 79 66 72 86 80 92 84 76 79 80 83 96 75 79 89 92 88 77 73 98 82
82 86 93 83 97 98 92 87 88 90 105 88 90 81 110 91 82 86 79 89 86 95 80 75 82 86 87 93 94 102 101 101 93 96 85 84 101 98 76 87 102 91 88 97 88 85 91 95 83 94 90 92 77 89 68 80 96 101 93 84 91 76 82 102 109 100 91 71 86 92 88 86 76 87 97 76 92 86 94 89 77 82 88 85 94 92 82 82 92 94 106 83 87 100 97 96 80 81 105 88
91 90 104 90 100 105 101 95 96 100 114 94 94 87 120 96 86 97 84 101 94 101 88 82 92 92 94 100 104 110 108 109 104 101 93 96 108 105 80 94 108 99 95 104 98 96 96 99 90 101 101 96 88 95 75 92 106 108 98 93 97 87 91 110 113 106 94 79 97 105 101 98 88 91 99 80 100 94 105 96 87 88 99 89 104 103 91 92 101 102 113 92 98 114 101 100 90 92 111 97
96 97 108 99 111 111 107 109 106 107 127 99 105 91 127 104 94 105 93 107 102 107 103 89 102 100 104 105 110 117 115 118 106 113 102 101 119 112 91 102 121 109 103 109 109 106 104 107 98 108 106 101 98 100 83 99 114 122 104 98 104 93 101 120 120 111 104 86 107 112 106 100 98 97 105 90 112 102 114 106 93 95 102 102 112 113 99 99 108 110 123 102 108 119 110 108 102 100 122 106
104 106 113 108 117 118 118 118 116 116 133 110 114 98 132 110 102 112 100 117 111 113 110 97 105 114 112 113 124 121 123 121 110 124 107 106 123 119 102 113 131 119 107 118 113 109 108 115 106 114 112 105 103 108 90 107 119 128 112 107 116 104 115 128 128 122 110 95 115 122 122 107 111 102 111 96 120 108 120 112 101 100 116 106 123 118 113 106 121 119 128 108 114 121 116 116 105 108 130 114
111 116 119 118 127 132 127 126 122 124 140 117 122 101 141 122 108 122 107 123 123 119 120 105 111 125 120 121 133 127 137 129 118 128 113 117 130 125 111 120 138 126 116 124 118 118 114 123 110 117 118 115 109 117 99 114 129 133 122 112 125 115 123 136 134 130 114 101 123 130 127 119 120 113 114 110 126 116 124 116 110 109 124 116 132 130 130 111 131 127 133 114 122 130 123 121 110 111 142 119
122 120 132 128 136 137 131 134 129 130 148 125 128 111 148 128 117 128 116 132 133 128 127 110 121 131 131 128 135 134 144 133 120 136 120 126 142 130 124 126 143 134 120 131 123 127 124 133 115 123 127 122 116 125 106 125 138 142 133 119 130 124 133 151 141 132 119 115 132 139 136 125 128 121 120 117 139 119 137 121 114 116 131 128 139 141 137 119 140 134 141 122 128 140 129 131 121 116 154 124
133 135 141 137 146 144 140 140 141 136 156 140 140 120 153 137 121 136 129 138 146 134 130 116 131 135 137 135 142 140 152 142 126 150 125 128 150 139 130 132 147 145 125 136 127 130 138 144 121 131 134 129 125 130 110 133 151 145 139 127 140 131 139 159 150 138 127 122 139 142 142 134 142 135 125 126 150 127 143 128 119 125 137 136 143 148 144 127 144 142 151 128 133 145 136 135 130 127 163 132
135 146 152 140 154 154 149 144 145 145 162 147 145 132 163 153 131 144 134 144 152 140 138 123 137 144 143 142 154 148 162 153 137 159 132 133 159 148 135 141 153 151 132 145 137 138 144 152 134 140 144 139 131 138 113 142 164 157 148 135 146 137 150 171 157 146 132 128 145 149 150 143 147 140 132 137 155 140 147 135 129 131 148 140 157 152 150 135 156 147 160 135 139 150 146 143 137 135 171 137
143 156 158 142 158 159 158 152 153 150 175 154 159 137 171 159 138 153 145 150 163 148 149 130 142 151 150 152 162 160 171 164 143 164 139 142 164 161 143 148 163 157 140 151 147 145 151 163 143 146 155 145 142 143 123 148 169 164 155 145 147 149 158 174 166 155 140 139 154 162 155 151 152 146 140 142 167 144 158 142 137 138 157 146 162 160 159 145 160 157 165 141 146 160 157 153 144 138 181 144
149 161 164 150 163 169 166 159 159 155 180 162 169 145 181 168 147 163 152 156 173 157 157 140 150 158 157 159 168 162 176 168 150 169 143 148 170 168 146 155 175 162 147 158 153 151 157 170 148 151 164 154 148 156 134 160 178 172 159 151 154 155 166 177 175 166 145 148 157 169 165 156 160 155 148 151 171 148 166 152 141 146 167 154 168 164 166 150 167 168 175 145 153 164 163 159 154 148 188 151
155 164 177 161 169 182 179 165 166 167 187 173 180 154 185 175 153 169 161 160 182 160 162 149 155 163 166 167 176 166 184 179 159 177 148 156 175 173 155 163 180 169 153 166 162 158 165 174 157 155 166 162 154 161 139 165 185 176 170 158 160 165 175 184 183 171 151 155 176 178 170 161 168 163 162 158 179 159 174 156 152 152 178 159 174 174 175 156 172 182 182 151 159 173 170 164 160 153 193 156
163 173 186 178 176 185 189 171 174 175 191 181 182 159 192 182 165 177 168 165 191 166 169 157 164 169 180 172 186 175 196 185 166 188 156 164 187 177 165 168 186 178 158 175 169 172 169 179 161 162 182 169 159 168 148 174 192 182 176 168 166 174 183 189 192 183 157 163 181 182 176 166 175 170 170 168 180 166 185 161 159 160 188 167 181 179 180 160 179 189 186 156 168 182 173 170 168 157 198 165
166 179 193 186 185 189 196 177 183 184 193 190 189 164 201 186 171 185 177 174 194 172 176 164 174 176 187 181 193 187 203 195 173 196 162 173 193 181 173 172 196 189 164 185 177 179 172 184 169 175 193 180 172 177 156 179 200 189 181 175 171 186 189 194 201 191 165 166 191 194 185 173 183 174 176 182 188 176 193 171 169 168 195 178 192 188 193 169 188 194 192 159 173 184 180 175 175 167 203 170
170 184 199 194 192 201 205 184 191 190 198 196 197 171 208 192 176 197 184 180 204 178 182 174 188 187 197 187 202 194 208 206 180 208 172 182 200 187 181 181 202 196 169 195 183 185 183 193 178 186 202 187 181 190 167 183 206 198 186 184 182 190 197 200 206 196 173 172 200 197 192 181 199 184 183 194 199 189 208 183 172 174 205 185 206 194 203 174 197 205 196 171 183 190 189 183 184 174 211 176
182 194 209 197 199 210 212 194 200 195 211 206 206 180 221 201 182 208 188 186 214 183 193 180 196 197 204 191 214 199 213 218 183 217 181 192 207 191 187 187 216 203 180 203 187 193 194 203 187 195 209 195 190 195 172 195 216 202 192 194 188 192 203 206 215 208 183 176 207 204 201 185 207 191 191 202 209 205 215 191 181 184 215 195 216 200 210 185 205 213 204 179 194 193 195 187 193 183 221 185
189 202 218 200 205 221 217 204 209 201 217 216 216 190 227 209 188 218 196 190 225 192 201 188 208 202 207 195 226 204 220 223 192 227 193 199 215 203 192 198 225 212 185 212 193 201 204 210 197 208 217 202 199 205 182 203 221 208 195 199 199 196 210 214 224 214 189 184 212 215 207 193 216 201 196 212 218 216 226 193 188 193 220 200 229 209 215 191 213 220 210 185 201 201 202 196 198 189 223 193
194 214 226 205 216 227 225 212 214 213 224 223 226 193 236 215 197 229 210 201 235 199 210 194 217 206 211 202 235 221 229 231 199 235 204 208 223 216 200 201 229 224 196 218 202 209 213 221 208 216 223 211 205 213 196 209 229 219 202 204 205 207 222 222 230 220 196 197 215 219 218 202 224 212 204 218 223 223 232 202 196 198 229 208 235 215 217 203 220 230 219 192 215 203 208 204 206 198 233 200
199 218 235 212 232 233 232 225 221 222 230 234 228 206 240 220 207 230 215 208 244 209 217 200 224 212 220 209 247 231 235 242 207 242 213 215 230 221 203 207 236 232 207 226 207 219 219 227 214 225 229 220 211 217 209 214 238 223 207 211 209 218 225 232 241 229 204 205 220 228 224 210 231 217 215 231 231 230 238 204 207 204 233 213 247 222 220 213 227 240 226 201 225 209 214 215 211 204 242 210
210 226 246 221 238 241 241 228 231 231 235 239 234 217 246 227 216 242 227 216 255 219 224 214 231 223 228 213 261 240 238 252 212 249 218 226 236 229 213 217 244 239 218 235 213 227 222 234 218 236 237 225 219 228 214 219 243 227 216 218 220 223 230 237 246 240 208 213 230 236 233 216 235 227 227 240 238 238 247 212 211 210 240 221 255 228 225 219 240 246 236 204 233 218 220 225 220 210 248 219
218 233 253 226 245 251 248 238 239 240 244 241 239 227 251 234 226 247 234 223 265 235 229 224 240 229 235 214 269 248 245 257 217 257 225 232 243 236 222 224 249 248 226 248 220 230 228 250 227 246 248 230 227 238 222 229 247 240 225 230 223 229 236 244 259 245 218 218 238 240 242 223 244 237 235 245 245 244 254 218 215 219 250 230 268 240 234 225 248 256 243 206 238 222 233 235 229 215 255 229
222 240 260 235 248 257 255 247 249 244 250 247 244 230 258 240 229 250 238 234 271 252 239 233 243 235 243 222 280 254 251 264 225 264 232 241 250 242 229 239 259 259 233 253 226 238 238 256 234 255 254 241 232 250 231 243 250 248 233 236 232 236 241 250 263 252 221 228 243 246 252 227 251 246 242 254 251 256 258 227 222 227 258 235 280 249 236 231 258 270 248 218 247 232 241 248 236 220 265 237
234 248 270 245 257 267 262 251 259 249 254 256 249 235 264 244 234 255 246 241 281 259 242 240 247 237 251 226 280 260 256 271 238 275 237 247 255 251 233 246 266 264 241 260 229 241 250 262 243 264 259 248 240 257 241 252 258 256 234 240 237 241 249 257 267 264 230 235 249 257 263 233 257 256 248 261 259 265 263 230 231 235 259 242 287 257 244 237 263 284 257 229 257 237 247 257 242 229 273 242
247 256 277 251 264 272 272 259 264 255 257 261 259 240 265 254 240 259 255 248 286 267 247 246 251 245 261 235 287 266 269 278 253 280 240 258 261 257 240 256 269 269 254 267 237 249 254 270 252 272 268 257 247 266 246 259 264 266 241 254 245 249 256 263 272 275 238 241 258 266 271 247 261 266 258 267 262 268 267 236 236 242 267 248 289 266 250 248 276 293 263 242 261 244 255 264 244 233 283 249
251 263 287 256 269 280 279 270 271 268 267 275 269 253 272 260 245 264 262 257 292 275 262 255 255 252 269 245 296 274 278 285 265 288 248 265 267 264 255 261 276 282 258 273 240 255 258 275 260 283 272 265 258 271 255 266 271 274 252 263 251 257 263 267 278 282 250 250 261 275 278 252 267 273 268 272 269 275 276 244 246 247 273 252 298 274 259 258 283 301 270 247 272 253 264 270 255 236 288 253
257 274 295 265 278 287 284 277 279 272 272 280 276 267 280 264 248 268 270 263 299 288 266 262 263 260 274 255 303 278 286 290 273 297 255 269 274 268 264 272 286 290 264 278 243 262 265 287 262 292 282 270 264 282 261 272 279 276 262 271 264 263 269 270 283 288 258 252 272 285 284 259 277 279 276 283 279 283 280 255 252 251 280 265 304 278 263 265 290 309 279 253 280 260 272 283 264 242 295 264
266 278 301 278 287 295 290 290 288 282 285 286 282 277 286 271 255 275 280 268 307 299 277 278 272 268 280 258 312 281 299 294 282 305 261 278 281 275 270 279 292 296 270 290 252 273 271 296 271 302 288 274 270 287 269 277 290 286 274 278 275 273 276 274 286 298 265 260 280 291 294 266 284 287 278 293 287 294 288 263 259 255 283 273 312 283 277 270 297 313 286 263 290 271 277 291 272 248 303 272
276 283 305 287 299 301 294 299 297 289 290 292 286 284 295 276 262 281 292 276 318 306 292 282 275 279 290 264 318 285 306 300 288 314 269 285 292 286 276 284 301 303 274 302 258 283 273 302 280 307 297 280 280 292 282 287 299 292 287 281 278 278 286 280 293 311 271 270 284 300 299 271 292 298 286 302 292 299 296 272 267 265 283 279 316 289 285 280 306 321 290 270 297 277 292 302 276 260 310 280
284 289 317 289 306 308 307 306 306 296 296 298 292 293 300 283 267 292 299 282 323 313 303 291 285 285 299 273 325 288 313 314 294 321 272 301 296 299 285 289 306 313 278 307 262 292 277 307 284 317 302 290 291 298 288 298 312 298 295 290 284 285 291 289 303 317 274 277 290 307 303 276 298 311 290 309 301 307 303 279 273 272 292 290 318 296 291 291 311 334 299 277 308 291 300 313 282 268 317 288
290 295 324 295 315 318 313 313 317 303 303 301 303 301 303 292 268 301 309 285 333 320 311 297 293 295 307 284 338 293 319 324 307 331 279 309 308 308 288 300 312 322 287 313 268 297 284 314 290 323 313 302 301 306 292 308 317 307 305 294 290 289 300 295 307 329 281 288 300 314 309 282 305 317 294 323 313 311 307 285 284 282 302 299 326 308 301 295 321 336 305 283 313 300 306 318 292 272 323 292
296 300 327 300 325 323 318 319 322 310 313 307 316 308 311 301 276 309 312 299 342 328 323 307 298 305 317 291 348 300 325 332 315 344 286 316 320 315 298 306 320 325 296 318 276 302 297 327 295 325 323 313 306 317 303 318 326 315 316 302 298 294 310 300 313 337 290 296 305 317 314 289 310 322 301 331 321 323 314 294 295 287 313 309 334 315 308 304 334 345 314 289 320 308 318 328 295 284 327 304
302 308 334 305 330 331 326 328 326 318 321 317 322 313 315 312 279 312 326 309 355 338 330 316 303 311 323 296 355 306 336 338 323 349 291 319 323 320 307 317 326 336 300 324 280 308 302 335 302 333 330 322 308 325 306 325 336 318 322 306 305 302 315 308 320 345 297 301 310 321 324 295 315 328 309 338 328 328 319 304 300 295 318 318 338 320 314 319 344 354 319 293 330 317 324 333 302 288 334 317
309 317 341 314 336 336 332 333 331 322 326 326 329 319 322 320 283 316 329 311 364 347 338 325 311 317 329 301 366 316 343 346 329 358 303 327 333 323 316 323 331 349 304 333 285 319 309 344 314 340 336 338 314 331 315 336 344 329 328 316 312 307 323 314 329 354 306 310 313 325 331 301 320 338 315 346 338 331 325 316 308 297 326 326 346 326 319 330 354 360 326 301 341 320 330 339 310 293 340 326
317 324 350 326 342 339 338 337 338 328 332 335 336 327 332 327 291 322 338 326 375 353 341 338 319 320 335 311 371 321 349 359 334 367 313 333 340 329 324 329 341 359 307 336 292 328 319 350 319 346 341 342 323 339 320 341 351 333 334 321 315 318 329 326 336 360 312 314 318 335 338 312 327 351 319 357 345 340 339 323 318 307 335 331 352 332 329 342 360 366 339 305 348 327 339 347 320 297 346 335
325 331 360 333 346 344 348 348 340 331 339 343 349 334 337 330 296 332 347 336 384 358 349 349 324 328 348 317 377 329 358 367 338 379 320 340 351 334 330 342 350 363 313 344 297 334 324 354 322 355 348 346 331 345 327 347 363 345 351 328 319 322 338 331 342 367 327 320 326 345 349 318 331 359 326 366 355 347 345 333 332 316 342 337 360 338 340 347 367 375 344 309 360 334 345 354 326 307 349 342
331 333 369 343 352 350 354 355 342 340 341 352 354 341 343 344 303 336 353 346 391 368 357 356 327 332 360 322 385 336 362 378 340 386 327 348 358 338 339 350 357 367 320 349 303 342 330 358 327 361 357 353 341 351 333 356 370 354 357 332 323 330 347 339 346 376 333 323 331 352 359 322 337 365 330 374 361 357 352 342 341 320 351 350 368 344 344 357 373 385 348 315 368 340 353 360 334 316 360 347
336 349 378 351 359 358 359 364 350 348 347 357 362 348 354 352 307 342 358 360 395 373 361 362 332 337 365 332 391 351 371 382 346 390 337 352 367 349 348 358 364 379 325 358 311 350 338 364 334 368 369 359 346 362 343 364 377 363 368 340 327 336 356 347 354 384 340 329 337 363 366 329 341 372 338 381 367 363 359 345 347 322 355 357 376 349 348 364 378 393 355 321 374 350 356 366 344 328 368 358
341 360 386 356 373 363 368 370 359 351 356 361 374 355 359 356 312 350 365 369 401 384 368 373 343 344 372 336 396 357 379 388 352 397 341 359 371 357 350 364 370 383 335 364 322 357 344 365 343 372 377 366 357 372 353 377 388 370 375 349 337 344 363 354 361 391 350 335 343 369 374 332 353 377 343 389 375 372 365 352 353 331 364 365 384 356 351 370 388 399 366 328 382 360 365 375 351 341 377 365
347 366 395 365 382 372 373 379 361 356 360 368 379 367 365 362 314 358 368 373 408 389 374 385 348 347 379 342 404 369 388 400 359 403 346 362 382 364 355 369 376 390 338 374 330 365 357 372 349 375 386 376 365 381 359 386 396 378 380 353 347 352 369 359 368 402 358 344 353 375 388 339 359 381 351 392 380 375 371 359 361 336 370 369 392 362 358 386 396 403 378 338 387 369 374 381 360 348 385 371
349 374 403 375 390 379 377 388 371 365 365 378 386 374 371 373 319 363 379 386 417 395 386 399 356 351 382 351 407 381 400 407 363 410 353 367 389 369 363 380 380 401 350 384 337 373 364 379 360 384 396 382 367 387 369 395 400 391 384 357 354 357 376 363 375 409 367 348 359 383 396 347 366 385 355 402 384 381 378 363 367 343 381 375 401 372 364 398 404 413 387 348 396 381 381 388 368 352 396 376
359 377 413 388 400 386 382 394 376 370 368 383 392 379 381 378 324 371 385 402 428 407 390 404 359 360 387 354 411 390 406 422 374 419 358 374 400 375 370 389 390 404 362 386 347 378 369 387 368 387 405 388 373 390 376 402 412 399 391 367 358 362 382 371 381 417 374 359 366 389 403 352 370 395 361 407 395 393 384 368 372 357 385 382 410 382 368 404 409 422 390 354 404 386 384 392 375 359 405 385
368 383 419 396 406 391 391 401 379 381 375 398 399 382 384 387 330 377 395 411 435 413 400 409 366 362 397 360 418 398 417 429 378 422 365 377 411 380 376 400 396 412 367 391 356 385 376 394 384 394 415 396 380 397 385 409 423 406 403 373 361 371 391 374 390 427 381 373 367 394 411 358 373 404 367 414 400 404 394 373 383 365 393 385 419 392 374 412 414 430 395 359 413 389 390 395 385 363 412 392
376 388 429 398 416 395 404 407 383 383 380 404 408 391 393 397 337 386 404 413 441 415 405 416 374 367 410 368 424 406 423 436 388 427 369 382 418 394 380 413 403 417 373 395 358 395 390 400 393 401 429 401 386 409 390 411 433 416 408 380 368 379 397 380 399 446 391 381 374 399 417 361 378 411 372 417 406 411 400 376 391 373 400 390 431 400 381 420 421 438 403 369 419 398 400 401 393 368 420 408
392 392 443 406 423 404 411 414 391 391 386 412 415 400 401 404 343 394 415 419 452 424 413 421 382 371 418 373 435 411 427 441 393 435 372 396 427 398 387 421 412 424 380 405 370 406 394 408 393 404 434 410 394 417 400 417 439 423 414 387 377 384 404 389 402 451 403 387 380 405 426 365 385 418 376 422 410 423 401 381 398 376 405 400 442 408 389 431 426 444 410 379 425 405 412 408 399 380 429 415
400 398 449 414 431 412 418 425 402 394 395 423 421 411 407 412 350 402 423 427 459 431 417 426 390 380 428 383 441 416 431 446 398 445 380 405 431 405 391 427 421 430 380 409 374 414 400 419 401 410 447 417 397 422 406 423 448 429 419 396 381 389 410 399 408 461 408 393 389 412 431 369 390 429 387 426 417 427 411 387 406 381 413 404 451 417 398 439 430 454 414 386 434 413 426 415 405 389 437 426
405 403 459 425 443 419 421 429 413 398 401 432 427 417 412 420 359 407 434 439 465 439 429 435 399 385 430 389 445 424 440 453 409 449 388 411 435 410 400 439 432 432 384 417 381 423 408 425 409 416 457 427 401 437 414 427 456 433 427 404 390 394 414 402 411 464 418 404 397 422 439 377 396 434 398 436 425 428 414 394 411 387 427 413 462 421 407 449 436 472 421 392 441 419 434 420 408 395 441 435
416 413 468 432 449 425 428 434 419 403 413 437 427 426 417 430 366 415 444 442 477 446 436 448 406 395 438 398 452 428 449 458 417 457 396 418 443 417 405 447 440 444 395 428 389 434 415 434 418 424 463 430 409 444 421 437 459 439 435 408 402 400 420 405 418 476 426 411 403 429 442 385 402 442 406 440 428 432 424 402 415 398 435 428 472 428 412 461 443 478 430 403 449 432 441 429 417 405 447 446
418 421 477 441 452 434 434 440 424 409 418 441 434 432 422 437 369 422 452 452 487 452 441 458 411 403 445 403 462 438 455 464 426 471 401 433 450 424 410 457 445 453 401 433 393 442 424 438 424 428 472 441 420 451 432 443 467 445 444 418 406 408 429 408 424 482 431 419 409 438 447 391 410 452 411 449 436 437 432 410 423 401 442 435 477 437 418 469 445 483 433 407 453 440 445 431 425 414 451 455
426 436 481 451 456 443 441 457 430 413 422 454 443 441 425 444 378 429 466 457 492 457 446 464 415 414 448 411 465 451 467 468 430 478 409 435 462 428 417 464 453 465 404 444 398 452 432 449 429 433 478 448 433 456 438 451 479 450 450 424 415 412 438 416 432 490 442 425 418 441 458 397 416 457 421 456 442 449 437 416 429 407 444 439 484 446 426 477 454 493 439 416 462 444 450 437 434 422 457 459
442 443 489 462 465 452 450 461 433 421 427 461 447 446 430 454 387 434 475 469 495 463 451 474 426 422 454 420 473 460 473 470 441 484 416 438 467 438 425 474 457 473 409 447 401 465 434 455 434 440 488 454 441 462 446 458 491 456 464 431 416 420 444 424 437 498 450 433 420 445 469 402 428 468 426 467 452 458 442 424 436 418 451 446 495 448 434 480 461 502 443 423 469 448 457 448 444 433 464 464
449 450 492 466 473 459 457 472 439 430 437 470 455 456 437 456 395 438 486 474 505 471 459 481 431 424 460 430 483 463 481 476 448 491 420 449 472 444 429 480 465 480 413 449 408 473 436 460 437 448 494 462 450 470 451 469 503 462 468 436 426 428 451 431 447 502 460 445 425 452 480 405 436 472 432 470 464 462 445 432 445 428 457 453 503 458 440 493 468 507 447 428 477 454 461 458 453 445 472 471
458 460 500 474 480 465 463 477 446 435 446 474 457 464 444 466 402 446 494 476 510 477 468 490 439 430 469 437 491 469 492 485 451 494 431 457 475 452 431 488 472 493 425 454 416 479 441 467 448 452 504 466 461 477 458 473 508 470 473 440 429 436 458 433 450 513 466 452 434 456 483 412 446 480 437 481 470 469 455 439 450 434 463 466 510 466 453 505 475 519 452 435 484 462 466 464 459 452 479 475
465 470 503 481 488 473 470 480 452 436 451 486 458 474 450 476 406 455 499 478 521 493 475 503 445 439 474 442 498 476 501 497 460 503 439 464 483 459 440 497 479 497 430 460 423 484 446 478 455 457 511 473 474 486 465 479 517 472 476 448 437 443 462 440 458 517 475 462 442 466 489 416 450 485 446 489 475 481 461 445 459 441 470 472 513 472 467 511 481 530 457 442 493 470 468 468 468 460 486 482
473 479 511 491 496 482 476 484 458 445 458 493 464 479 454 484 409 459 503 487 527 500 481 509 452 449 481 445 509 482 508 500 468 511 444 471 494 469 444 503 492 501 438 466 432 488 452 488 460 465 516 478 483 488 472 485 523 484 482 454 440 454 472 446 467 526 480 466 450 471 504 419 457 492 455 496 483 487 468 450 466 446 478 478 518 481 472 519 487 537 464 449 502 473 472 476 478 462 491 486
480 492 519 502 501 493 485 492 465 458 466 504 473 491 457 490 413 466 508 496 535 509 485 516 457 459 493 453 515 488 514 506 475 516 449 476 504 475 453 510 499 511 444 469 435 495 465 490 464 469 522 485 488 496 480 499 530 488 486 460 441 462 478 452 476 537 487 471 458 478 509 428 467 494 465 505 487 497 477 457 473 454 480 492 529 488 483 529 494 547 470 457 508 482 482 485 486 467 503 494
487 501 529 511 512 505 490 498 468 466 471 507 480 494 465 493 422 473 511 503 545 520 489 527 461 468 499 454 526 493 517 516 479 521 451 480 511 481 463 513 504 516 449 476 445 502 474 494 477 477 530 492 496 502 486 504 537 496 491 467 448 469 483 455 487 544 491 476 465 485 513 431 473 499 470 508 494 505 488 462 479 462 487 501 537 496 485 538 499 559 471 461 514 494 491 490 493 478 512 505
491 512 537 517 517 513 495 504 477 472 475 511 487 501 469 502 426 481 518 512 553 525 497 535 463 472 506 461 532 500 523 525 493 525 461 486 519 493 473 518 509 525 458 487 453 514 481 500 485 484 536 497 501 509 493 512 547 502 500 473 454 475 489 463 493 553 499 489 469 491 522 432 482 511 479 515 502 510 494 467 486 469 492 510 543 501 489 544 511 567 479 470 523 498 497 496 496 486 518 510
499 529 541 529 522 518 505 508 484 477 480 521 497 511 473 513 432 490 524 517 564 534 505 540 471 481 514 465 534 509 529 538 502 529 475 493 527 503 481 527 516 537 465 495 459 521 486 510 490 492 543 506 504 518 507 517 556 505 507 475 464 483 497 470 500 563 505 494 473 499 528 439 491 519 484 523 514 516 500 478 493 481 498 519 549 508 498 555 514 575 486 475 527 505 503 501 507 497 524 520
510 536 550 532 528 523 510 516 489 481 486 530 502 520 482 523 441 498 528 522 570 539 510 547 479 486 523 468 537 520 538 547 513 536 480 499 536 507 487 537 522 545 472 503 469 528 496 513 493 502 547 513 509 528 516 522 567 512 512 481 474 492 501 474 504 566 511 501 480 503 535 444 500 526 485 532 520 525 517 484 500 487 510 525 554 517 509 561 520 585 493 486 530 510 514 507 516 504 533 525
517 544 552 534 532 526 512 523 496 488 492 540 508 529 491 529 443 506 535 529 583 545 521 553 484 492 530 479 543 525 545 554 518 541 484 503 546 520 494 549 525 555 480 509 475 532 504 518 501 505 560 516 514 539 523 527 575 520 516 491 479 494 507 483 515 576 518 509 486 512 541 450 508 534 496 539 524 531 526 488 508 495 522 530 566 520 515 568 527 591 500 492 533 517 520 514 524 514 537 529
527 553 562 543 540 533 514 532 502 496 508 547 513 536 496 533 449 513 541 537 593 555 525 565 491 496 534 485 550 537 555 558 523 547 492 506 554 526 504 559 533 563 487 515 481 538 510 527 509 514 570 524 516 548 531 533 584 526 528 496 483 499 515 489 521 582 523 512 492 515 548 459 518 539 504 546 533 539 528 499 516 508 527 534 574 526 520 577 537 602 511 500 546 525 529 521 531 518 547 537
538 564 569 547 544 540 517 538 510 502 518 553 524 538 502 542 454 522 549 543 604 562 535 575 495 501 542 495 559 544 563 567 538 558 499 514 564 531 509 564 541 572 493 522 492 543 516 531 517 519 581 527 521 557 538 542 591 534 535 505 488 503 523 500 529 587 531 527 501 523 552 464 525 547 518 551 540 542 533 508 525 512 533 539 574 531 526 586 545 611 516 505 552 533 535 527 539 522 558 546
549 569 573 559 552 547 525 543 518 507 524 557 530 544 506 545 458 527 561 552 610 568 544 581 503 510 546 502 562 549 569 575 544 569 502 522 574 539 517 574 550 579 498 526 495 553 523 536 524 523 589 539 531 566 542 553 596 541 544 511 497 509 529 510 534 593 541 533 504 530 563 468 535 552 522 564 547 551 540 517 535 520 539 545 580 541 536 593 554 616 523 514 557 537 537 536 551 528 569 552
559 576 581 572 562 555 531 549 522 514 532 564 533 552 519 553 464 533 563 565 618 576 555 592 510 513 556 511 572 556 579 588 555 576 506 528 582 547 527 585 555 591 508 534 505 556 527 540 531 531 595 548 535 575 545 560 601 543 550 518 508 515 538 514 537 600 548 546 513 537 566 475 544 559 528 572 557 556 547 520 543 529 548 551 584 548 542 596 561 625 530 515 565 541 541 537 558 536 578 560
567 583 590 582 565 565 543 554 526 517 540 577 540 557 522 557 476 541 572 572 624 585 563 598 518 517 565 517 575 566 586 596 560 585 514 529 592 554 534 592 562 596 515 537 509 563 534 548 540 540 601 557 540 583 552 566 608 546 555 526 512 523 544 522 544 608 553 553 522 545 571 479 550 568 538 580 571 561 549 527 551 536 553 558 593 549 548 606 568 635 534 520 570 547 548 547 564 540 582 565
579 589 595 586 573 572 549 559 535 523 551 586 553 566 527 561 482 550 579 580 630 591 570 607 529 521 570 526 581 574 593 604 566 595 518 533 600 561 538 595 569 604 521 543 513 569 542 551 546 545 608 565 545 588 561 574 615 549 562 532 519 531 548 530 549 619 562 560 526 556 575 485 555 571 541 586 578 569 555 533 562 541 565 568 600 559 560 612 576 643 538 532 576 560 553 556 572 543 586 572
592 592 602 595 579 581 551 564 540 526 556 593 561 575 532 571 490 560 591 589 634 596 576 614 536 528 575 531 587 584 602 611 570 602 528 537 604 565 543 604 578 610 526 551 521 577 548 560 554 558 612 574 552 594 566 585 625 557 572 540 527 535 554 540 554 627 571 567 535 566 584 488 563 582 550 595 583 576 563 541 569 547 574 576 614 564 567 617 582 656 542 541 584 570 556 561 582 548 588 578
601 599 610 601 593 586 558 571 546 531 561 598 564 581 539 574 496 564 600 598 639 603 585 622 542 539 583 538 593 590 608 615 580 605 531 541 614 572 550 612 579 619 531 557 528 580 557 571 562 564 622 581 555 604 575 595 635 566 580 547 533 541 561 545 556 633 581 570 543 574 592 495 573 591 559 601 595 582 566 551 575 558 581 582 621 574 572 622 588 664 549 549 589 579 564 567 589 554 597 582
610 600 614 606 600 594 564 577 553 535 572 609 568 589 544 580 501 575 608 607 651 609 591 629 549 545 587 542 599 602 618 620 586 613 536 551 623 577 562 615 589 626 540 560 532 591 562 577 568 571 626 584 558 618 580 601 645 575 586 558 543 543 566 552 564 642 587 576 552 579 603 497 581 594 568 607 604 589 577 558 588 566 590 587 628 581 583 628 600 670 559 556 596 590 573 574 590 559 602 590
619 610 620 617 608 601 566 581 562 539 577 613 578 597 547 587 510 579 616 613 654 613 598 639 557 548 593 548 607 612 625 630 593 620 541 558 628 584 567 622 597 631 545 565 541 601 571 586 577 581 634 591 563 624 588 603 653 580 591 570 549 554 575 563 567 649 593 582 558 591 607 498 590 602 575 616 609 598 581 565 596 571 598 589 635 588 594 632 611 675 566 565 606 601 588 583 594 565 609 597
627 620 626 624 616 607 573 588 568 546 583 621 585 605 552 600 512 583 624 618 660 620 602 649 568 556 601 553 620 619 633 632 599 624 551 563 639 592 573 630 602 638 548 572 550 608 577 590 582 589 643 594 576 633 594 614 660 588 597 578 553 562 581 570 571 654 599 585 564 594 622 505 599 608 587 626 619 603 587 570 608 578 607 597 642 595 598 636 617 691 573 572 612 609 594 588 599 571 618 606
636 625 632 631 620 617 582 597 571 552 590 626 593 612 555 609 520 589 630 624 676 628 614 652 571 560 617 559 626 624 638 636 606 629 562 576 648 596 579 635 606 648 560 577 555 613 580 594 586 596 649 598 584 644 601 624 670 594 604 582 563 566 589 577 577 659 606 591 572 604 629 515 605 613 595 631 627 611 596 575 612 585 612 608 650 601 601 644 623 695 579 576 615 618 597 598 604 579 629 611
645 635 641 644 625 621 593 607 579 561 594 634 602 618 559 618 523 595 639 635 681 632 620 659 576 570 619 568 631 634 642 643 618 633 571 583 656 602 587 644 616 655 567 582 561 617 585 602 595 602 659 605 589 654 609 629 676 602 617 585 577 574 600 583 580 664 613 602 578 614 639 526 609 617 601 641 636 615 606 584 614 591 618 616 660 608 609 650 630 706 586 579 625 629 604 605 607 586 640 623
654 641 648 648 634 626 599 614 590 564 600 637 609 624 564 627 526 606 645 641 693 640 631 667 581 576 625 577 641 640 647 649 627 637 577 594 668 609 593 650 624 663 577 588 565 625 588 610 602 609 665 608 596 663 617 635 682 609 626 596 582 582 607 587 587 671 615 608 583 619 650 529 615 624 606 647 651 621 609 588 626 603 629 624 665 624 616 662 635 715 593 587 638 634 618 614 611 590 645 633
660 650 657 654 642 631 603 621 598 571 605 645 618 633 572 634 531 612 650 646 704 644 637 679 585 582 635 585 651 653 651 658 633 644 586 597 676 619 596 652 631 668 583 596 573 632 590 618 607 614 678 614 599 671 621 639 692 613 631 601 587 588 614 597 593 685 619 618 588 626 660 537 623 630 616 653 660 627 617 592 639 607 636 633 675 631 622 669 637 724 600 591 651 642 621 620 618 597 651 638
667 661 667 665 651 638 608 630 604 578 612 649 625 640 579 640 538 621 658 652 711 655 646 687 591 587 637 593 657 658 658 669 641 650 592 602 684 624 599 655 639 687 590 604 584 638 598 627 614 621 693 618 607 676 625 648 696 621 636 609 594 593 621 599 602 691 623 623 594 636 663 539 632 635 623 661 672 631 626 597 646 618 647 639 681 642 625 678 644 732 613 604 663 648 629 630 625 605 657 648
675 671 675 671 657 645 616 639 616 580 616 656 633 650 589 644 539 624 661 660 725 660 654 691 597 595 643 603 664 664 663 677 644 658 602 611 692 632 607 665 647 693 592 611 586 641 606 634 626 625 700 622 614 680 629 654 703 626 643 618 596 603 632 608 604 696 630 634 599 644 668 546 640 640 633 668 680 639 637 602 657 628 659 641 692 651 633 683 647 736 624 610 672 654 635 641 636 612 663 657
681 682 686 676 661 652 623 649 618 587 620 664 643 656 602 655 546 629 669 666 734 668 666 698 604 603 648 606 674 677 666 683 650 664 608 615 695 638 618 672 653 700 607 614 594 648 610 646 632 627 707 633 620 687 642 658 713 633 647 624 601 611 639 617 616 702 635 643 602 653 676 553 649 650 642 674 693 646 643 613 663 634 670 652 704 662 642 697 659 746 628 614 680 654 640 648 644 625 672 665
688 695 698 684 665 655 630 655 625 598 631 667 651 665 610 664 549 637 677 672 743 675 672 705 604 612 653 615 683 687 671 692 655 679 620 624 699 643 623 679 659 704 613 618 599 657 620 650 641 636 719 642 627 692 647 667 720 639 653 629 614 623 643 621 622 712 642 647 613 659 687 561 652 658 648 682 698 655 648 617 670 645 677 659 708 669 646 703 667 755 632 623 687 664 647 653 658 631 678 673
697 703 707 692 675 661 636 666 634 602 640 675 657 672 617 671 557 644 680 672 747 682 678 712 606 618 659 622 689 697 675 700 666 689 629 632 705 651 630 687 669 713 618 621 609 665 626 659 646 642 734 648 639 703 652 675 725 643 657 641 619 627 654 627 624 716 652 654 619 663 692 572 658 666 657 689 705 665 655 623 678 648 687 662 715 675 651 711 675 760 639 632 699 670 658 660 662 635 684 684
705 709 716 700 676 666 641 675 637 605 645 684 664 678 624 678 564 649 687 681 760 686 683 717 615 630 664 629 700 703 685 710 675 696 633 639 713 662 640 691 678 726 624 628 616 673 636 667 653 647 746 656 645 719 658 681 729 648 664 646 622 634 661 634 630 723 661 660 627 668 697 583 667 673 666 696 714 671 660 635 685 654 694 671 719 681 657 717 680 768 650 641 703 678 667 662 668 645 692 688
712 714 724 707 684 669 650 681 642 614 650 690 671 683 631 682 572 655 692 686 768 697 690 720 621 639 672 637 708 709 690 718 684 701 636 651 718 669 648 699 681 733 625 637 628 676 639 678 660 651 753 663 652 728 666 688 736 657 668 651 628 639 669 640 637 728 671 670 632 677 702 592 678 681 674 698 728 676 665 646 695 655 700 678 724 683 668 725 689 772 661 646 712 686 670 664 675 650 704 693
720 723 731 716 692 676 658 687 648 624 653 699 678 689 635 688 577 662 697 689 774 706 700 731 626 644 679 649 720 716 695 728 692 710 642 658 725 673 656 703 686 741 632 648 637 682 649 684 667 661 755 670 659 734 675 696 740 660 672 658 636 643 674 647 644 737 677 675 634 681 710 596 686 687 684 706 737 682 672 652 700 658 704 685 734 688 674 736 699 781 668 650 719 698 676 667 684 659 708 701
724 735 737 726 703 683 665 697 653 633 658 706 684 698 637 696 583 675 709 694 782 714 707 743 635 647 689 659 728 726 700 731 704 714 647 665 733 677 665 711 693 746 638 657 645 689 658 695 678 670 759 678 664 740 684 705 750 667 677 668 640 651 684 654 647 745 684 685 639 687 717 605 691 693 693 715 743 694 678 656 705 660 711 693 743 697 681 744 700 790 677 658 725 707 684 678 689 666 720 705
728 744 745 734 709 694 679 701 666 640 666 714 695 706 641 706 587 687 717 700 793 717 712 750 641 654 696 666 732 737 712 736 712 723 656 672 743 684 669 717 709 751 647 665 653 698 665 706 684 679 767 682 672 749 695 711 760 675 686 675 647 655 689 664 657 749 689 695 648 693 723 610 698 704 703 720 750 703 688 660 718 670 717 702 752 710 688 754 704 803 686 667 731 720 692 683 696 675 730 711
733 751 751 748 712 697 684 709 672 645 673 719 702 723 647 717 589 692 720 707 798 724 722 758 646 662 701 682 736 750 719 742 719 731 665 679 752 691 675 729 713 757 654 673 662 700 666 712 692 686 777 687 679 755 705 720 767 680 699 681 653 662 698 669 662 759 695 703 658 702 731 626 707 713 707 730 758 712 696 671 725 672 721 710 758 717 693 760 711 817 699 675 741 723 699 692 705 683 738 717
739 758 758 753 720 706 691 716 683 649 680 727 710 730 655 723 593 704 725 713 806 734 725 767 652 671 709 689 738 756 727 748 727 738 679 688 758 701 677 734 723 761 661 682 670 709 672 722 700 694 785 698 687 767 708 729 775 688 702 689 662 669 708 673 666 763 703 711 667 710 737 633 720 721 719 738 765 719 704 679 732 675 724 715 763 723 698 765 718 829 705 682 746 732 710 700 713 689 748 729
744 770 766 764 726 715 698 721 687 655 689 734 718 739 662 731 599 713 734 716 813 742 733 773 657 682 718 695 743 762 731 758 735 748 684 690 763 713 683 737 733 769 670 686 681 718 680 731 711 700 795 709 694 771 721 732 787 694 708 695 670 678 715 679 671 773 710 719 675 716 744 639 727 724 736 739 770 727 710 689 741 679 733 722 768 729 706 771 723 831 721 687 753 738 714 706 714 695 755 738
750 781 768 768 730 722 701 725 694 663 693 742 721 749 671 742 604 721 744 724 824 748 744 779 664 690 733 702 756 766 743 770 748 760 693 693 769 723 687 745 737 776 676 692 688 725 691 737 717 706 809 713 704 776 730 743 797 703 714 701 676 683 722 682 678 779 714 723 680 723 752 646 732 729 740 746 775 734 717 696 749 686 741 732 776 737 715 781 733 841 722 692 763 747 718 717 719 704 760 745
761 792 779 773 739 728 705 732 705 667 701 746 728 757 675 749 609 726 758 732 830 754 752 783 667 699 741 709 759 783 748 781 758 767 703 701 774 727 695 751 744 784 684 697 694 734 696 744 722 713 818 720 712 781 736 750 809 711 719 710 681 689 730 690 687 785 724 728 683 727 756 657 734 737 747 760 785 744 723 705 758 693 750 740 779 740 718 792 741 856 730 700 771 754 724 724 725 710 766 750
764 799 784 778 745 731 710 742 715 672 712 752 734 762 678 756 615 729 766 738 835 765 754 788 673 705 751 719 765 790 754 788 768 773 711 707 778 731 700 760 749 795 687 699 700 746 700 747 734 724 829 725 715 793 744 758 819 723 726 718 684 697 738 694 700 790 729 737 691 731 763 663 742 740 756 765 794 748 732 711 763 697 759 753 788 750 731 804 745 869 738 716 781 758 735 731 734 715 774 763
