simulated_rates	estimated_rates_mean	estimated_rates_lower	estimated_rates_upper
1.8676281769306517e-06	2.526026764567673e-06	1.7253723145582097e-06	3.501122635714198e-06
0.0004977518179235244	0.0004967492168837099	0.00048349249988254456	0.0005107415275601731
4.5530600861740625e-05	4.551291830959353e-05	4.156902914742129e-05	4.9528199999306915e-05
0.00413694480422005	0.004172788624859282	0.00413111797770199	0.004216807152910072
0.0038579437521817366	0.0038588089073218652	0.0038180609011316657	0.0039013746931332843
5.345835181923588e-06	4.766836472375746e-06	3.4193249763173947e-06	6.083148363977085e-06
5.621166920397564e-06	6.504529077206183e-06	5.1171137110528125e-06	7.982611791598614e-06
0.0051251780961118695	0.005127720368328336	0.005082520158029799	0.005179377226495264
0.03890802540084772	0.03979250187264249	0.039552326526019116	0.04003737382968409
0.01339454966810538	0.013518481209779441	0.013410487469679641	0.01359650792438555
1.6148352402080148e-05	1.5097010619941653e-05	1.2773345128694733e-05	1.752227613036583e-05
0.00010344746107846119	0.00010698076611126607	0.00010063196137667845	0.00011320918664934723
0.0011031921991061357	0.0010891493594779613	0.001066536245092148	0.0011077496460312794
0.0016120163268080502	0.0016055667943819275	0.0015819431458600208	0.001631128510795359
1.8974580495345872e-05	2.039298209125326e-05	1.773849204669684e-05	2.3047278864535774e-05
0.00022587187714634763	0.00022388100313234106	0.00021499370057497696	0.00023267521258955
0.00010628764784843016	0.00010495744787824682	9.776419910914105e-05	0.00011097120009232417
1.86179211577008e-07	2.775831242816019e-07	4.436381270103484e-08	6.918471654476794e-07
0.0035162600850847645	0.0035253668663747595	0.0034933142579184687	0.0035668603921318967
0.01461237226078066	0.0146732581867448	0.01457486028444544	0.014767424063562172
1.769904271175443e-05	1.6770242104015784e-05	1.4235716218140202e-05	1.9051311461762493e-05
0.0004562443542847707	0.00044930011516612514	0.0004363290768888671	0.000461430739395673
4.140249306151508e-07	6.324107261935998e-07	2.1078757058347613e-07	1.1407076006101456e-06
1.8626643472907727e-05	1.461932281699735e-05	1.2218917685279095e-05	1.694509014167028e-05
0.028132352560953058	0.0286079787519299	0.02843390254896233	0.02877606864760035
0.0007276150829394992	0.0007241245391674192	0.0007094614280426449	0.0007431724364084132
2.6915665411123356e-05	2.93091083227604e-05	2.6069845330319528e-05	3.2578169048238555e-05
0.004321886783007107	0.0042965491956595	0.004250089737294078	0.004337095660932936
9.48988960352726e-06	9.940148313250353e-06	7.885141207886485e-06	1.1911800099017052e-05
0.0002470285598184575	0.0002493470449891339	0.0002404053292851134	0.00025892477927656174
0.012262832826606668	0.012314191037699216	0.012225689319982379	0.012403392448579634
4.4621807315998387e-05	4.4021251724272846e-05	3.9864829175240835e-05	4.792758789352606e-05
0.0051435242214018465	0.005161437941903386	0.005113130230521314	0.005213435645105501
1.0052550813017705e-06	1.3927268613407539e-06	7.639780690409449e-07	2.2364399285430463e-06
0.0014448301540245679	0.0014232466056186416	0.0013973701259561515	0.0014466471603719567
0.0014508463248342333	0.0014549148298240182	0.0014312908559212826	0.0014793507014916863
2.660300908346186e-06	3.1768977849355475e-06	2.019886583718665e-06	4.2886738711400144e-06
0.025269876578963384	0.02568915598351924	0.02553681268540884	0.02586065462593021
4.8212992019108574e-05	4.668896053365295e-05	4.286817189320051e-05	5.1225407275282006e-05
0.020653462961687744	0.02082534421951704	0.02069732107375447	0.02097566077333365
3.382997019985055e-07	5.188364442247417e-07	1.5822583432211518e-07	9.352630422609887e-07
1.7003836582412738e-06	2.4977455448736385e-06	1.8248338985132738e-06	3.508992089338848e-06
2.878341995402336e-07	2.2003531817118087e-07	5.639350097182099e-08	4.327658756173311e-07
0.0009869714326004293	0.0009744735653788373	0.0009549671793713141	0.0009939249620065298
0.00034848328386111557	0.0003480837352680966	0.0003354538049923214	0.000359987860793362
0.00015731365161224793	0.00015802931531786163	0.00015081124312847833	0.00016544782134462165
2.731697225891898e-07	4.150904473346711e-07	8.628478831890242e-08	8.494612515327051e-07
0.00022656702502089259	0.00022753489170239223	0.00021868669441167324	0.00023687600642111108
1.1208615720183765e-05	1.256321701692013e-05	1.060561892922116e-05	1.4903242007824523e-05
0.00010612737918245996	0.00010759695503741729	0.00010144190908155444	0.00011379835047144249
6.648485015551176e-07	8.036735878338104e-07	3.658719728785943e-07	1.3111958654215778e-06
0.0004101936413269483	0.0004099760467091585	0.0003969394007564302	0.00042247436601660607
0.00024022188250161526	0.00023714123397628115	0.00022706075589095582	0.00024630400025874255
1.7000903802645562e-07	2.1755847019281155e-07	2.2434030663392502e-08	4.7431451707754337e-07
0.0004685122890176456	0.00046321304018619007	0.0004514014048310896	0.00047704450534739255
0.02141932052073559	0.02165370456433512	0.02151825116212874	0.02179304935325657
0.004423640430808011	0.004403107240115526	0.004357292416259055	0.004445233763140827
0.06042990122946637	0.06204648735834427	0.06166093991982932	0.06243459544514054
0.039243782945263594	0.040038481158459496	0.03979814801968402	0.04026948505900286
0.004507046750865783	0.004460859675888794	0.004414533816819862	0.004504851844726506
6.299793772079753e-06	6.875148351504723e-06	5.1786892908540065e-06	8.268070177817933e-06
0.0005162158513813884	0.0005247251555751789	0.0005118134138710737	0.0005397229870561813
7.686087556914936e-05	8.095594372407057e-05	7.52432788625616e-05	8.608300258851019e-05
1.9710683694149123e-06	2.1523704524332323e-06	1.2271923466273002e-06	3.125727511413415e-06
2.2189619327590643e-05	2.175939876347442e-05	1.873622611596976e-05	2.4689818094305306e-05
3.13230323083137e-07	5.168756242537161e-07	1.386699498072284e-07	8.84648656846488e-07
5.4541288178928825e-05	5.618672585632294e-05	5.134571872117006e-05	6.086956016424852e-05
0.05302549293870272	0.054522817702371246	0.054173665749731065	0.05482973199064607
7.773152523490829e-07	6.368524693043433e-07	2.3381216463248058e-07	1.1471046288985872e-06
7.326529476202723e-07	9.014305946611179e-07	4.3289849018665106e-07	1.5029535671185495e-06
0.0022533676435825514	0.0022659530583181813	0.0022360086004725053	0.0022971613386007193
0.000316911730164904	0.00030707234590681895	0.0002963482006439389	0.00031814344985215645
7.06815149182074e-05	6.946078860186082e-05	6.406071416543564e-05	7.414125560980345e-05
6.249784010065906e-07	9.307267429393534e-07	4.142446802650292e-07	1.5057357463640237e-06
3.045567037350932e-06	3.0224925675178477e-06	2.1214834057337726e-06	4.062915955403896e-06
0.018294283491419545	0.01843853542159092	0.018316009737231045	0.018546593502657322
3.468529088303416e-05	3.350980657239213e-05	3.006887313087614e-05	3.688883854719442e-05
0.00016258629518576157	0.00016124127447433457	0.00015359518417250805	0.0001693319211258714
1.6878830353214297e-07	2.946750025376029e-07	7.143892556237526e-08	5.846563217422566e-07
7.691835886806305e-06	7.209196600303972e-06	5.464777537653193e-06	8.743214433074957e-06
4.504036012222629e-05	4.660772362726945e-05	4.27772332393786e-05	5.08337914153408e-05
0.00043742593219877506	0.00043107653919142026	0.0004192349524910129	0.0004435785607763012
0.023175559700885487	0.023498968377390905	0.023352189012168997	0.023642673860121543
0.0005217357574729261	0.0005241103324895098	0.0005107946962297768	0.0005379323309000814
0.001477746328220132	0.0014917399087306465	0.0014691387458937953	0.0015159400112860011
1.0875621257638282e-06	1.6516345387944452e-06	8.326633110749174e-07	2.485238015572874e-06
0.0024849095704163942	0.002478751917845657	0.002442824547406795	0.002508724761269244
0.007478935226967716	0.007524650953285713	0.007456428390953548	0.007583863325471549
0.0005787048806798221	0.0005702196315638379	0.0005549621461479734	0.0005851728893635581
4.587571815366047e-05	4.471168009599081e-05	4.113651640433021e-05	4.91894561827505e-05
1.1268978391245025e-06	1.158149240309802e-06	5.548665369287261e-07	1.7206682468947106e-06
0.00024802700699202556	0.0002521907358484799	0.00024200787035673872	0.00026146760768525393
0.0001472702778562953	0.00014574262670371215	0.00013901589491423732	0.00015332358627188875
0.03566441636363696	0.03650251929110306	0.0362906765029698	0.036771797853750295
7.915299429765813e-05	7.72252357179334e-05	7.172565634733295e-05	8.276099228394032e-05
0.00010556819298755744	0.00011072078910531195	0.00010322705275289058	0.00011651371363654638
0.00016476573044077082	0.0001619876172308806	0.00015427130199340832	0.00016973208253518932
0.006417070245912939	0.0064594137338366536	0.006405117597246511	0.006516518124646651
3.2668359151162295e-07	7.449171648238934e-07	2.517191210490381e-07	1.2209807981888037e-06
0.0009194967701371844	0.0009089026416532448	0.0008904953724943929	0.0009269982781216397
0.0032652299928616667	0.003265574661431547	0.0032264059920331417	0.003302557258806383
0.0015189045582726351	0.0014862808695708693	0.0014616380358018239	0.00151192800241397
0.004803008528933018	0.004797980615343702	0.0047563779284580466	0.004846659818537392
0.0002160275269083497	0.00021904162800335101	0.0002106923245704811	0.00022883947387240727
0.04299334146566434	0.0439789297937695	0.043745338450772595	0.04422768225783872
1.0504472464469888e-06	1.0452401732690737e-06	5.227796300370067e-07	1.6139315450640961e-06
2.2876148725425357e-07	4.6441278752035925e-07	9.612052656988573e-08	8.231951514903433e-07
0.0003451932126037361	0.000341810793472368	0.0003301790052276391	0.0003528899305918509
6.838410344992105e-07	7.932593656405698e-07	3.351176480855772e-07	1.2798420893547343e-06
0.035379237996016756	0.03594068794648793	0.03568461969965129	0.03614687392270396
1.0647252014343479e-05	1.108164506687977e-05	9.266602524799687e-06	1.2929610047685747e-05
1.919183373727599e-06	2.27453757385177e-06	1.3546563990735452e-06	3.0563601417441136e-06
5.908074613475861e-05	5.342815361269093e-05	4.897716648040407e-05	5.753379940826167e-05
0.02384785075681022	0.024216155479367698	0.02408966722209074	0.024376068642578498
0.013950755338439983	0.014001932655969636	0.013886093555288541	0.014099636809768055
4.1254952845357475e-06	3.86735665639249e-06	2.7759882594662515e-06	5.086732553197816e-06
1.4219103637830326e-05	1.425437786983759e-05	1.1827596302585152e-05	1.6582999312869492e-05
1.6633332342261661e-06	1.6959173497964175e-06	9.584229614169303e-07	2.6450018992372792e-06
0.018733957228529923	0.019024014942261174	0.018892843294732214	0.01915190806334244
0.0014879523038918894	0.0014737237659357319	0.0014481877852173441	0.0014975190821485214
0.0019319368629359015	0.001982602989322225	0.0019525022886445	0.0020117741949944954
0.018323410344843367	0.018434358333437064	0.01830461785945683	0.018548682808071454
0.003817521158200366	0.0038112176908212878	0.0037697565562962968	0.0038540044453713846
0.0003695742319690649	0.0003756420817416918	0.0003634966624753757	0.0003872105551602744
6.798593621760251e-06	7.269882426699003e-06	5.548377633484167e-06	8.705123407985737e-06
1.1098161717235352e-06	1.1432769321924007e-06	5.608134284759229e-07	1.8438242158697856e-06
1.2038467422987725e-05	1.0225236041478777e-05	8.459834924768249e-06	1.2162969373396801e-05
0.0007882805737147578	0.0007935044209467928	0.0007774655027547477	0.0008142954545022384
4.0321947484160636e-07	4.930369511306028e-07	1.715348959115817e-07	8.331373606951765e-07
3.178666135536192e-07	6.01507654615074e-07	2.525761815698935e-07	1.0349264015529285e-06
1.030582618111197e-05	1.1976044525263888e-05	9.804066122732692e-06	1.399364886899283e-05
0.0003302497688564944	0.0003364421566065713	0.00032563345093252426	0.00034890414550702964
0.010064665021897517	0.010086622144995776	0.010005647797221484	0.010169248992182658
6.449576675145346e-06	6.118369655950812e-06	4.813988718824608e-06	7.712749552209387e-06
1.4700764594680754e-06	1.7861909980802328e-06	9.635341497729312e-07	2.57087398978361e-06
8.858789693509464e-07	9.852543649972252e-07	5.113544526932959e-07	1.5972629355411431e-06
0.06248032405757922	0.06449195410171714	0.06407272458903424	0.06488472156738519
1.5979637066111826e-06	2.6534385390384032e-06	1.7207090002341035e-06	3.7289530532293414e-06
9.577780712121604e-06	1.0648909583573866e-05	8.691938175614317e-06	1.2556506125289194e-05
0.0002476469786706725	0.00024535139402137807	0.0002354243079653176	0.00025456477920689154
1.7580525246871523e-07	3.1370857291453123e-07	6.710998700405098e-08	6.59855503197767e-07
0.01845718574968817	0.01869804936366551	0.01856818605592779	0.01882610235131239
0.04984833213502715	0.05100717102294965	0.05073714808904349	0.05131720515179986
0.00021361396774953023	0.0002153804236364332	0.00020686110797487733	0.00022471064600963837
4.676701601390914e-07	3.5885541214965723e-07	8.692250324797653e-08	7.677414874688899e-07
1.1703995950233568e-05	1.217967060088893e-05	1.0080925264108944e-05	1.425673458178939e-05
0.0019768122520032417	0.0020155358787208445	0.001988846019659907	0.0020448651506378437
9.880423377763706e-07	6.234348088928416e-07	1.3188677417206026e-07	1.1264228774085843e-06
0.00020169599203447768	0.000206197044499068	0.00019822476636543337	0.00021541913468721668
5.377176894175404e-06	4.889501056749929e-06	3.588481490231618e-06	6.25397428568382e-06
0.04810380243650236	0.049340988656520084	0.049082079364725716	0.04965157546394156
0.00090020280884869	0.0009071679454637132	0.0008888985794787591	0.0009267872140176871
4.291291441461519e-06	5.182365594690505e-06	3.870560513812485e-06	6.564161081184292e-06
6.346567150434289e-07	8.174254171888918e-07	3.4920531059093817e-07	1.403162421186836e-06
0.003672622600611015	0.003684570169991221	0.003640035157973255	0.003729504620915323
0.003985216623311097	0.004014815423763237	0.003966111154380651	0.004050717108396054
0.0030398904594422685	0.003008917961676098	0.0029686269580686845	0.0030414233996187033
0.022062327868131754	0.022435657659358704	0.022285034528837497	0.02256696486390204
0.0007993083009826265	0.0008006372003830196	0.0007834626677669362	0.0008172192557537052
0.00024789180861640645	0.00024901706437286693	0.00023998981167160495	0.0002586105994128962
2.1328299360248836e-06	1.8645420640763084e-06	1.1032882906385758e-06	2.663571457009315e-06
0.0013372582393611368	0.0013266711944767778	0.001306714840387809	0.0013509553876514327
0.036020855028106986	0.03655605429216492	0.03632100529873441	0.036793610978123
0.016068292017449567	0.016217603445996508	0.01609747682487035	0.016326070779543476
0.06160595222156455	0.06332878555257157	0.06295479644994774	0.0636833711767118
0.006375704441145164	0.0063904946587075625	0.006333108764496377	0.00644381401308258
0.00018336196881715827	0.00018438903996180508	0.00017672231323962774	0.0001930497776508638
5.4263000430777876e-05	5.370313957304172e-05	4.9517248001876875e-05	5.799762720509466e-05
0.016192557668178814	0.01628038026385895	0.01616725816817224	0.01639859337435998
0.04734218025631036	0.048155721863657394	0.04790363312551194	0.0484485965858333
0.00034304096469357396	0.0003452742893704911	0.0003347592853071992	0.00035717168355848254
1.797402175497545e-05	1.7769786645515507e-05	1.53366723055971e-05	2.0406679610732363e-05
1.0292450393898462e-05	8.651237065981225e-06	6.948054158421519e-06	1.0470496535340066e-05
0.012633525249122042	0.012652025491242573	0.012570561510076177	0.012748341452537493
2.5535240209338793e-06	3.2216036116555343e-06	1.9508693111211033e-06	4.274837338309522e-06
0.0021511770586956597	0.002175657897334841	0.0021406844162761107	0.002203750728328055
1.786815501055883e-05	1.7741691052987656e-05	1.5362079023857326e-05	2.0661977993880746e-05
0.005107287307007215	0.005109692957825393	0.005060027094199153	0.005159371991238842
0.003998555402168166	0.004024180062366157	0.003980930610411905	0.00406600023454856
0.0013913877066977262	0.0013823106914591897	0.0013587779885885667	0.0014058053924956345
0.0005020823908452339	0.0005050851387267648	0.0004916491664043692	0.0005185013418294951
9.408600403910585e-05	9.825254331251406e-05	9.152973242856797e-05	0.00010389342605102239
0.008463128953808956	0.008486136794339455	0.008420232831351042	0.008547113975163258
0.001599414196639342	0.0016097417427563727	0.0015840112700080196	0.001636604899554738
4.9331619705379845e-05	4.756355171889999e-05	4.3202968192875384e-05	5.182211980029839e-05
2.329171224344044e-07	2.434144254816842e-07	2.2145334760788636e-08	5.614444751355784e-07
1.7325101419535934e-05	1.5510730566105132e-05	1.3231089778775132e-05	1.8100478637805154e-05
0.0020364965297067716	0.0020174742953008497	0.0019861244697243377	0.0020452121285393626
7.438206544512726e-05	7.199331217700152e-05	6.71849958421176e-05	7.730196519939512e-05
1.3571807999667399e-05	1.341089433656457e-05	1.0940438774541096e-05	1.574631057704482e-05
0.0006349841936478878	0.0006288839386258834	0.000613802473848536	0.0006436548717882923
8.004674054829657e-07	6.289423157604643e-07	2.7507155779490127e-07	1.039636468764922e-06
1.4398433930627674e-06	1.2955513553700858e-06	7.272878676547451e-07	1.9335750104944663e-06
0.002211766051065153	0.002237384304422116	0.0022073694017682617	0.00226801954616036
8.090699236421309e-07	1.331915546658434e-06	6.505654394338201e-07	2.0240872199786726e-06
1.8827260420286346e-05	1.741535762899059e-05	1.4471715262089563e-05	1.981013184716985e-05
0.000395256310728676	0.0004004252813284195	0.00038764136512580284	0.00041268700508566243
5.932052193773915e-07	8.835150135263584e-07	3.7425825484036355e-07	1.4111618772468333e-06
0.005158661157614326	0.005172550995587227	0.0051261878794745495	0.005226302858550117
0.033047253279510934	0.03340203516816731	0.033213769538183405	0.03360606351074861
0.051024200971540784	0.05241210971727579	0.05207654026507546	0.052731471616198566
0.014347738349680906	0.01436310885636816	0.0142622047783779	0.01447876231202985
0.0005350682302089134	0.0005532990971140296	0.000540133835273816	0.0005698329129131817
0.027180484148066297	0.02754760603569493	0.027365953815732178	0.027753017192119048
0.0018856743678506728	0.001863833251525797	0.0018366112187830582	0.0018929148560238908
0.001697334407485706	0.0016745465062931043	0.001647522211785567	0.001702396740746949
2.653276877678666e-07	6.081690142786065e-07	2.1095072723763494e-07	1.0853290013051534e-06
4.6578418024398144e-05	4.127305764379028e-05	3.681178572408659e-05	4.493856317073142e-05
6.045123685691193e-06	5.6501927912444735e-06	4.1282040249504446e-06	7.069699501382036e-06
1.2010595791696527e-05	1.1038242689905639e-05	8.924165588024124e-06	1.2952770256513178e-05
4.6016715289147673e-07	3.143322539894775e-07	6.431553184565579e-08	5.844513144216615e-07
0.0030102735138414563	0.003021686785617464	0.0029847319573331897	0.0030581164597039464
0.00011517284093664455	0.0001132518482779907	0.00010710463997743104	0.00012022948897657613
0.0008248471803948206	0.0008303693901553842	0.0008133875565885156	0.0008494722214226944
0.000553655294429835	0.0005639095757337859	0.0005493768961414707	0.0005775732181243073
1.914171449960054e-05	1.814272952543174e-05	1.5626127047193196e-05	2.0693634038016866e-05
5.117699204570839e-05	5.092208293338189e-05	4.64517404934574e-05	5.5274870106259815e-05
3.395286712336108e-05	3.452477643241147e-05	3.0982586518614115e-05	3.808292470791852e-05
7.918311382928805e-05	8.01147071193592e-05	7.496923383650025e-05	8.563102868759084e-05
0.05394042279148213	0.055721309839030196	0.055387509665451744	0.056002178857296366
1.9771835695033107e-05	1.9524402342396607e-05	1.6941246537806455e-05	2.197342012859081e-05
1.829200727956381e-07	1.6006661042758058e-07	1.840914578914914e-08	3.541760262777192e-07
0.02431665346226583	0.0245705948213753	0.024434749502591533	0.02472511878898412
0.012940837295274678	0.012987389271566485	0.012903418423698017	0.013092241195602287
1.4925551342371126e-05	1.699256745408802e-05	1.4753012772249601e-05	1.9624662119906704e-05
0.0005523545500599705	0.0005621415233404582	0.0005469927436666876	0.0005757103454273767
1.615038216451529e-05	1.6287673509131538e-05	1.3612237054657474e-05	1.8567815450722392e-05
2.461991724757362e-06	2.8178608798234895e-06	1.8434309243935753e-06	3.970472198672886e-06
2.821202451746417e-06	2.569937952300333e-06	1.5915333846938232e-06	3.5394369521093796e-06
3.5973019256648904e-05	3.4710242219401815e-05	3.098444139490511e-05	3.8341501700281516e-05
4.0096458277491874e-07	2.618686873892515e-07	4.0915829045800013e-08	5.31875430151902e-07
0.0007225448800581404	0.000721840382132115	0.0007054566975584741	0.0007394078049588875
0.0028152712002625867	0.002831715632154611	0.002792126224600422	0.00286867681958712
0.027755787343266048	0.028160627165681237	0.027976645839096495	0.028323457843732896
2.055120792063698e-05	2.0756730736447652e-05	1.779492218452489e-05	2.3711301964850287e-05
7.330014486927645e-06	8.214257159242141e-06	6.517220634965572e-06	1.001468712411045e-05
1.9396029253023684e-05	1.7036347458748684e-05	1.453769397312774e-05	1.9343488327014663e-05
0.007164835720420388	0.0071974756334666126	0.007136731575284811	0.007251257259818036
0.01857509504369769	0.018786638014648003	0.018659811870122077	0.01893460795033346
3.977224412757151e-05	3.7744855955796486e-05	3.4099778113562834e-05	4.143282620647845e-05
1.602141432991839e-07	3.6454449287654855e-07	8.642384597571303e-08	6.747420138478142e-07
2.683970064079198e-07	2.3916289187866506e-07	5.983224466257775e-08	4.788953925478997e-07
9.797721842465726e-07	4.709210082533302e-07	1.5574619802533907e-07	8.665976746477305e-07
0.0003652013835158302	0.00036080357254107443	0.0003493114683623812	0.00037330185474985063
6.196000420033992e-07	1.9875212421862614e-07	3.100757830798499e-08	5.002137455536634e-07
7.352078389195066e-06	7.632618557242672e-06	5.828311824386449e-06	9.259275827116925e-06
3.3213729327480833e-07	2.594169149527306e-07	3.1666878603366346e-08	5.766451476965283e-07
0.0004927160369969897	0.0004911270402214188	0.0004762574832613106	0.0005046642481950956
2.0899554879377692e-07	1.06597445630057e-07	4.394813101532175e-09	2.941680458086238e-07
0.010216739372320352	0.010233307878410258	0.010154861214377527	0.010307798032948685
8.281624962343428e-06	9.470599304812154e-06	7.659446782840985e-06	1.1321298176490833e-05
0.0029306829351442958	0.0029680541929105577	0.0029311866043511357	0.0030000017122291597
0.00023204582976172697	0.00023800272493596707	0.00022811675993678537	0.00024788632128397214
2.554844103829833e-07	7.311952151945026e-07	2.89027749225271e-07	1.2954996540247087e-06
0.00023889215428603546	0.00024143860533924825	0.00023211085967606726	0.00025112502022680563
0.0008019119364685245	0.0008181052190484194	0.0008018205035962103	0.0008363555408377423
1.6780180226758347e-06	1.828746363142421e-06	9.261868973629518e-07	2.683123143779518e-06
0.004837028867690842	0.0048533778615421665	0.0048055668976947595	0.004900514703607396
0.00043866710012356727	0.00042611259053556324	0.00041396076341968484	0.00043783082112601695
0.00021020198865673404	0.00020843984742421217	0.00019908387644579524	0.00021702127369877485
0.0005477768407897527	0.0005433515306105046	0.0005280409590660763	0.0005567706759942221
0.001142768275799814	0.0011437774527216003	0.0011235627817184552	0.0011627135228139155
3.5201432337627074e-06	3.606681238324337e-06	2.4675122602469263e-06	4.832637613161402e-06
0.004277138600883204	0.0043200783285738216	0.0042786875285797995	0.004367306415305463
0.010407046294833256	0.010510357925135626	0.010427059932860493	0.010579696671723069
0.001960655686586354	0.0019366740595592933	0.0019062598604316422	0.0019648789961903817
0.0012379099416085586	0.0012208214739469155	0.0011978164778169856	0.0012415806816550767
7.134326456751659e-05	6.629755503798346e-05	6.13308198724863e-05	7.124769648176376e-05
0.01046057236537144	0.010445433850885933	0.01036593040681157	0.010512560235571266
0.000865355218783584	0.0008623994705531599	0.0008431703251044254	0.000881144462812327
1.1760834560431363e-05	1.3579798593663593e-05	1.1343432954568084e-05	1.5910234836336394e-05
0.0001292219728008217	0.00013400417993418698	0.00012724675466246034	0.00014121127083338718
2.605208873652224e-05	2.587140502340477e-05	2.2995159863865637e-05	2.8901461716690336e-05
2.3296165237578148e-07	2.8959154234735675e-07	4.588982605658561e-08	5.854478972357689e-07
0.00027668818365067657	0.0002771689275548773	0.0002667896504009242	0.00028682900420707566
0.00959964064164816	0.009708975985681123	0.009634650998570143	0.00978645025972184
0.03569223159623275	0.03637147228290234	0.03614872360002937	0.036570544699774686
0.001096285811157326	0.0011100957533614593	0.0010894065015973138	0.0011288073083773617
4.182423238906476e-07	4.861737549580224e-07	1.3727123155232607e-07	8.504974921087538e-07
3.180815032269415e-05	3.635786145459507e-05	3.28289934762384e-05	4.008441491457417e-05
2.681748168385458e-07	3.491348863171048e-07	8.279784021514731e-08	6.415361398741494e-07
1.491582262283039e-06	1.1484125947078775e-06	4.534478685271689e-07	1.8450318965185582e-06
0.00023853692744420265	0.00023013315969046743	0.00022009788648585658	0.0002388095696441258
1.4667230312686237e-06	1.5089438817797579e-06	7.242193774282347e-07	2.229249265544731e-06
0.00024230565112931296	0.00023615195027710842	0.0002266851481957459	0.00024558095166540573
0.00012246350355741837	0.00012398959512134106	0.00011794415950603302	0.00013093732944169755
0.012222099223671347	0.012302583968237355	0.01218751813597204	0.012387288852000604
0.0017800768160548327	0.0017860801480043462	0.0017575895504040677	0.0018132676914887993
0.01917535055443594	0.019365130749765105	0.01923448793923699	0.019484177110581865
5.705703326659539e-06	5.221815778805442e-06	3.8675042029910315e-06	6.585187357256144e-06
4.348003927147108e-06	3.606333755313149e-06	2.500495561725455e-06	4.608418523666538e-06
0.0013618866851942749	0.0013495421298995321	0.0013262741480253419	0.0013715792427560069
0.018678837646378444	0.018792856530076098	0.018672905304254975	0.018930598939827938
0.05419905407218937	0.05554836647106415	0.05526911094703124	0.05590783495687693
0.0006352509348062107	0.0006388965913554394	0.0006240585852366416	0.0006545420457613743
1.125800436903549e-05	1.0817372994869974e-05	8.934340607056228e-06	1.3075533439381195e-05
0.00040744408131807085	0.0004083104378692238	0.0003954244334005807	0.00042030885157392123
0.006668053879568882	0.006693457910917855	0.0066303569688371655	0.006749191020727544
0.0005370370585527466	0.0005339180038297456	0.0005187357202678194	0.0005479956724391154
7.189282769194321e-07	9.914550702968666e-07	4.606133390095805e-07	1.5822412453435984e-06
6.351216521228409e-06	5.769007479277998e-06	4.257501388705043e-06	7.2865526229523015e-06
0.05638991152955012	0.058044712486838665	0.057656145170928624	0.05840209090887985
4.216132766220467e-05	3.808484324751784e-05	3.424016472651538e-05	4.168771506209046e-05
0.0002674933201508366	0.0002623469944251517	0.0002524344636029709	0.00027236599137205557
0.00014540585119716235	0.0001387473272127737	0.000130827789529451	0.00014537366296098263
2.0222926892562026e-06	2.4348707647923388e-06	1.607611158140719e-06	3.2835516857678165e-06
1.3362391647474685e-06	1.7094994793678167e-06	1.0258973801164264e-06	2.5441297237970244e-06
0.0001034411979116763	0.00010450804737197524	9.786521079342608e-05	0.00011042559159738844
0.05897602912748678	0.060670963349175135	0.06028383213669319	0.06102087095331395
2.581768436276198e-05	2.4762201474237468e-05	2.1766297930818536e-05	2.775078379164996e-05
0.0016396693909800776	0.0016386570068144173	0.0016095261338572547	0.0016648754387748016
1.525184511473629e-06	6.914120486097403e-07	1.8982995756800423e-07	1.2650815060095234e-06
3.8961280187347954e-07	1.743039711627405e-07	1.8329743917880126e-08	4.413569562011683e-07
1.2031934177908015e-06	1.6731819217863383e-06	9.189910553409121e-07	2.490369041226963e-06
1.266201538583857e-06	8.963549457691223e-07	3.6903333502347646e-07	1.588608979797376e-06
6.1692811380119876e-06	7.864636721448301e-06	6.012891382934414e-06	9.544546418005051e-06
0.00016439817201148276	0.00016263883596033077	0.00015471798981835487	0.00017052486203919688
0.003535106612626812	0.003551751923914263	0.0035117813271656516	0.0035909513068559124
0.014183295742546308	0.014247587804349336	0.014149556472825052	0.01435039857356385
0.0006068868410216709	0.000593440207054836	0.000579177087897546	0.0006085200390881122
0.009896838312315479	0.009924892568506113	0.009854612890325192	0.010000804803740989
0.0003638688003698705	0.00036766856651267426	0.0003562481660228944	0.0003788856442143546
0.0012622571441749115	0.0012760270282503464	0.001254053955699039	0.0012996884158686867
0.00016540490135143082	0.0001678663881779058	0.0001609693414422296	0.00017660238904110355
0.01591619374656878	0.01604550275621963	0.015937611428639205	0.016149533765356078
3.0676747721959265e-07	6.717050873617365e-08	1.1938708311960627e-09	1.8554353091377377e-07
0.004021865439432849	0.0040139517888687515	0.003970727249519799	0.004065319966143083
1.023763105737769e-06	7.239051233192336e-07	2.8723103460102494e-07	1.1777100718434072e-06
3.334601551880114e-07	1.640214630335282e-07	1.4128104118694094e-08	4.970404438342048e-07
3.3474364026377836e-07	3.06880166584957e-07	2.6659147435977603e-08	6.598854246446861e-07
3.0559505870911296e-07	4.5991556598184175e-07	1.0702386632634877e-07	8.65558470196602e-07
0.00012565255929461694	0.000124741977215669	0.00011776681995328872	0.00013117376103460973
2.9779030873112624e-05	3.0086518896689193e-05	2.7112942301735803e-05	3.349033955054876e-05
0.06666331207601481	0.069438542334979	0.06903040725674056	0.0698713750212878
6.367885267699309e-07	7.248108359072353e-07	1.7662340148769773e-07	1.2561819498430961e-06
1.0881387413269223e-05	1.156451883297215e-05	9.515951765397856e-06	1.3651723352163843e-05
0.06510822168115782	0.06741063814575186	0.06700389206191866	0.06782061820721394
2.8316678010353313e-05	2.825923366062773e-05	2.4934962043233287e-05	3.134535420252353e-05
0.014744621094771322	0.014910657190669316	0.014816291013711293	0.01500985817899418
0.0002503834355907837	0.00024876667928607274	0.0002385219910061285	0.0002586468660652953
0.03651268092837436	0.03725177632191551	0.03700752468118395	0.03744644725192523
0.01514225669605425	0.015198152217535165	0.015076923880881889	0.015293384031333094
0.003823556927332917	0.003838362653003666	0.0037985703500443956	0.0038803434695097016
2.3526495760638185e-07	5.173093246907738e-07	1.575781804909977e-07	1.0056862694496068e-06
0.04123562707113585	0.04198420889414696	0.04174436114272354	0.04227946327227986
0.00013174373246567072	0.000136318765680072	0.00012918942284688244	0.0001430486522761499
2.306514357522464e-06	2.490971155741417e-06	1.6391025274338556e-06	3.3838216587620964e-06
0.013250281908363496	0.013373185156502434	0.013273957667514902	0.013466656098687125
2.851824273749847e-06	2.917354806880077e-06	1.8314020276417354e-06	3.930287495111496e-06
9.408127986338317e-07	9.86397305743808e-07	5.015177739036619e-07	1.5942410553019095e-06
0.0018966972759235352	0.0018951612031674191	0.0018701113860682377	0.001927895728669218
0.047665139959295034	0.048756356362922235	0.04847718653736729	0.04904957541340694
0.00016180828248352487	0.00016496925819669222	0.00015762188403447533	0.0001723495804777114
4.9903803190589857e-05	4.529683458028012e-05	4.1357493862922885e-05	4.947220490563833e-05
2.0745786253491261e-07	2.507873618838728e-07	5.618406994065355e-08	5.102546171839232e-07
0.00040382992842188925	0.00040805268518843626	0.00039654172262551795	0.0004214622156982212
0.0424172316321331	0.04344724373428517	0.043193493626045194	0.043739030779423343
0.043983288271024	0.04502745850611768	0.044711722638347384	0.045310998809784266
0.027019580499485968	0.027348615398405603	0.027196093405843287	0.027528748655906297
1.7090684895592431e-06	2.0092399220964173e-06	1.145210922637237e-06	2.8212868507837832e-06
0.0005032924405938273	0.0004929343481584146	0.0004787546122137661	0.0005062373522722152
3.302094576643317e-05	3.374938878419095e-05	3.015597866959689e-05	3.725839083440969e-05
1.7285019754568327e-05	1.8936042378500817e-05	1.641084085594859e-05	2.163409328287366e-05
2.503624331113424e-07	1.8442527720933367e-07	2.1325732747096055e-08	4.5085836212836693e-07
0.012108139607041135	0.01214678256470551	0.012062793691513207	0.012228464059779636
0.000961037942995461	0.0009723810943645151	0.0009519738943894222	0.000991349745744488
4.843257234627205e-07	1.2649728177210247e-07	6.697617693935046e-09	3.079314253923056e-07
0.015455539655648129	0.015555114910872548	0.015436768011509363	0.01565247632854884
0.003984521813143788	0.003997415474910894	0.00395353301170806	0.004033932647135526
9.547710984949568e-06	9.903259015223213e-06	8.182815350162863e-06	1.1719202865498155e-05
0.006343554494189757	0.0063455338660596584	0.006290922127141193	0.006394682508870224
0.00011263548551417564	0.00011850184359492431	0.0001118806276693951	0.00012556198669101635
2.0500244862672967e-07	1.0755310702153568e-07	7.959436165257227e-09	3.1381660300818165e-07
4.311307636786581e-05	4.5444532163392346e-05	4.148294975599314e-05	4.918893959695027e-05
5.089424953639159e-05	5.238926670068317e-05	4.810677152185853e-05	5.7441917620809735e-05
3.449512550834683e-06	3.451831662963387e-06	2.3513547809633512e-06	4.528708261666708e-06
0.007405445920960448	0.0074264716667949765	0.007358653941886261	0.007490281879639816
0.002443381998184335	0.0024400270273868766	0.0024064772621798696	0.0024695739818581383
0.0003135398541860932	0.00030247569380673284	0.000291344340772444	0.0003135991083833344
9.30968295561284e-05	9.358358393660164e-05	8.794898077917689e-05	9.961753296103912e-05
8.667287943071782e-05	8.750776536716908e-05	8.12407227874139e-05	9.343373669071398e-05
4.955059427196431e-06	3.7615786262290007e-06	2.6865111858766302e-06	4.883630032342203e-06
0.0003987431473091689	0.0004017107515955644	0.00038752587245465995	0.0004129651772304074
0.0027381099416986603	0.0027573060505744137	0.0027265468867176124	0.00279039856058607
5.208364652472237e-06	5.062864754316917e-06	3.713534554416601e-06	6.5333643131768135e-06
0.00013638267937506832	0.00013042536644839332	0.00012326755584779196	0.00013715654942536042
5.575706565784351e-07	7.335216232709126e-07	3.4215935667562565e-07	1.2117132617978569e-06
0.0016316791727870783	0.001613747268249367	0.0015908194358799554	0.001640742517266537
0.014880045474977358	0.01487879187282377	0.014780382690660792	0.01497930293142126
0.00024370503108403916	0.00024959395985706297	0.00024029104156173323	0.0002600470476999262
0.06234087669258283	0.06454007078827886	0.06414612163466221	0.06489683222646861
1.582326727020019e-06	1.8462681537225534e-06	1.027815143631278e-06	2.7117911086611676e-06
1.8242981651262502e-07	1.2514495063197965e-07	3.3981080018135614e-09	3.006628582468866e-07
5.8460832060550105e-05	5.989396816422303e-05	5.522873359824146e-05	6.43484397393939e-05
0.02763031648275054	0.028087987380198253	0.027918409209708915	0.02827243454347497
0.009087446643180995	0.009129524722547008	0.009062443343538435	0.009205222676404902
7.225498480960201e-05	7.191890422890102e-05	6.702410233098087e-05	7.732310869197418e-05
0.018919306098906047	0.019050854867274074	0.018924675834844227	0.019174317471744983
2.920863026126824e-06	3.2409667084207673e-06	2.2610143010193307e-06	4.280593800143396e-06
8.050354895352871e-06	7.533948819251188e-06	6.013267866623042e-06	9.39291047761268e-06
0.0016606594657147314	0.0016801457750848362	0.0016534295272130715	0.0017062970080102316
0.001868666813821629	0.0018735196944734353	0.00184865590476226	0.0019022181962355354
1.9841765794554145e-07	5.132345923927116e-07	1.1995524977147993e-07	9.837832431403846e-07
6.3458991212665445e-06	6.589645170014204e-06	5.159234253200779e-06	8.19609590888978e-06
0.0002900902314450206	0.00028750502413032634	0.00027736778278305966	0.00029839409352488256
0.02728649745947792	0.02764543438952032	0.027469835812904617	0.02781547203904084
1.265038616474115e-05	1.1114183857920798e-05	9.091971958460117e-06	1.3203487631793414e-05
7.393571591473514e-07	1.1177887811431638e-06	5.106642182394149e-07	1.7086465889374525e-06
0.000126120595105976	0.00013260361527548607	0.00012551837415042207	0.00013982411939761187
0.001353149048948532	0.0013556613434247073	0.0013324425313986901	0.001379859153212176
7.494751298083913e-06	7.783642636350206e-06	6.09265039011662e-06	9.504505645655117e-06
0.011123449052843007	0.011153412032712652	0.011064406816862604	0.011241842480264212
0.019734506973861764	0.01987042943957894	0.01974634903094641	0.019988299491924676
0.0033279438631715875	0.003314821660303996	0.0032799315437383055	0.0033521525591477565
4.6133206038069e-06	6.099128269029966e-06	4.683870210418781e-06	7.6077689631519065e-06
0.03014052808654666	0.03061494402514521	0.03043460237252365	0.03082648687588826
0.030213673246682008	0.03077409796587937	0.03056128573503394	0.030958803070003985
0.002452284399942559	0.00244206855763123	0.0024127366599294743	0.002473788375288363
0.021037168278438198	0.021258697021999184	0.021119685048626335	0.021394830868562607
3.3788641065155567e-06	3.763858999936244e-06	2.6080749537470434e-06	4.874026120834148e-06
9.566705606284874e-05	0.00010228630664284507	9.613202158695426e-05	0.00010829866229755636
0.0056860624396738	0.005679751178058238	0.00562909941724899	0.0057332529665177125
0.037145610942577414	0.03789432613808449	0.03763599775426118	0.038140130080534414
0.0006076100076240102	0.0006067628007542985	0.0005921073720004096	0.0006208685771133591
0.021068494267252953	0.02135274022064243	0.021218134405539185	0.02148489260311966
0.0012345681663749443	0.0012383699820537107	0.0012181336031341463	0.0012617772642567345
2.718227407846323e-07	4.561882551637344e-07	6.760151243288741e-08	9.767335155122906e-07
0.007733456911291212	0.007699657447785722	0.007631618110584655	0.0077604129874348
1.8900335889349268e-05	1.9457492228473198e-05	1.6922332378313913e-05	2.2395580564859677e-05
0.029407298619750423	0.029869211262628665	0.029703299324670217	0.03006066634968927
8.196761016853207e-05	8.5559676106395e-05	8.048663142599136e-05	9.199344548261211e-05
7.914465442913422e-07	1.3105749756426087e-06	6.791975497783352e-07	2.068245281266357e-06
0.04222928704272456	0.043204152624221996	0.042962489390233026	0.04348063092521127
1.9421448876321651e-07	2.0532981130157573e-07	1.839403803302884e-08	4.5971055713040426e-07
0.0010088443869334955	0.0010092541265439938	0.000989779376519327	0.0010284210860103823
9.627963608933975e-07	1.2311861129456244e-06	5.627055906582448e-07	1.972872891813844e-06
1.1676717225359243e-06	1.0810051718241077e-06	4.847993886453022e-07	1.7212404605831468e-06
0.0007106348501217972	0.000689173071825183	0.0006736083156345841	0.0007071712814412465
0.05278493994836774	0.0544919226934633	0.054162720166186125	0.054881180668965864
0.0012780864941427234	0.0012743072236852317	0.0012528357911056004	0.0012949345751274678
0.0030545146144948447	0.0030912222912135383	0.003058109938200015	0.003131903795704656
3.870616717199301e-05	4.021313888188218e-05	3.6448544665167196e-05	4.4251681743941004e-05
9.436742747202409e-07	7.758087198691511e-07	3.720274337547277e-07	1.2152108855281314e-06
2.5718817067207833e-06	2.333952071562628e-06	1.366088339204448e-06	3.227188626895118e-06
0.0031644719446329945	0.003180681888491917	0.0031450813986067193	0.0032143335723587635
3.16219430944734e-07	3.657552349507891e-07	1.1571790575498433e-07	6.77691706721624e-07
8.984040870982965e-05	9.361067076880439e-05	8.758135253760718e-05	9.929043618511698e-05
1.6228702364289421e-06	2.4206500480539607e-06	1.4908291849613781e-06	3.3073132755109587e-06
0.00055805649168661	0.0005577439775525006	0.0005436756253976596	0.0005731178428136135
0.00019851142168527644	0.00020536557736384962	0.00019681690945194894	0.00021509884257180773
0.00024378974582683305	0.00024689892718386094	0.0002371478978536495	0.00025635726663467324
0.006346121346524547	0.0063292112268966486	0.006275374070816788	0.0063851430930593495
0.03034912881446704	0.030870204146336455	0.030678507473770163	0.031085094595835458
1.9014097056676655e-06	2.471056153957915e-06	1.6384886227868763e-06	3.5927892378378434e-06
0.001614988287927452	0.0016057195068020775	0.0015784179713671971	0.0016283393781765256
0.0013310873006079772	0.0013440782784140148	0.0013203046151815904	0.0013680265292684579
4.440977076718143e-06	4.097210985881521e-06	2.8312126725178305e-06	5.382781661449764e-06
0.022468016757645305	0.022670444124486107	0.022529228143208416	0.02280995338264833
0.0001553829843771294	0.00015000613089056247	0.00014276369275760268	0.00015736297838013036
0.00021659878814910184	0.00021443452211762518	0.00020533583320117172	0.0002241777922160416
1.0249493498114321e-05	9.10804098246768e-06	7.116929610040594e-06	1.0880799275003154e-05
1.25904500166843e-05	1.1835434011150916e-05	9.686219891490585e-06	1.402007646158176e-05
1.159806613637157e-05	1.2461209067951056e-05	1.0322227551256033e-05	1.4537585027253961e-05
0.05087839267836528	0.05185288417097045	0.05152376029810785	0.05219675242922848
2.173593516460929e-06	2.3755463881967896e-06	1.4856139578689024e-06	3.1507273151412057e-06
0.0008913620537017316	0.0008868224310967874	0.0008670144084929487	0.0009058187878120108
0.00026940802978779214	0.0002810610571303446	0.0002710257743671917	0.0002924289099889658
3.0561114012743653e-07	6.160915807291618e-07	1.4987164078892455e-07	1.0026385056082463e-06
0.00017800901805226319	0.00017562766509844009	0.0001670844477462654	0.00018332294468742044
2.3112495382309604e-06	2.938167691143156e-06	1.926562754574102e-06	3.866952521321784e-06
5.076012751973824e-07	6.843659272324344e-07	2.4885393389661956e-07	1.2106478488495106e-06
0.012379235018496483	0.012486446667909719	0.01240460709426688	0.01258749669466621
2.2210288501918749e-07	1.9363377515795418e-07	9.809665877853626e-09	5.489067202140521e-07
0.044576639648038124	0.0457688560201373	0.04552185909429249	0.04603089208517504
1.089771465134279e-05	1.1635740170511832e-05	9.639836736472048e-06	1.386292198667517e-05
3.1890784221042625e-05	2.9795844472225626e-05	2.6709531684755052e-05	3.325368555039154e-05
9.035542943704122e-07	9.444947228979921e-07	3.59599965782542e-07	1.5483831028147265e-06
8.094574596120468e-07	1.6370215545568723e-06	7.922328804315897e-07	2.404957335554387e-06
3.346131866136826e-05	3.068144080105858e-05	2.6981838413848237e-05	3.383800915393616e-05
0.00046852460940352266	0.0004525225613464257	0.00043966253111865183	0.0004650148203847378
8.659474451020797e-07	1.0163705222386426e-06	5.015404412373669e-07	1.6094519233494189e-06
0.048095117230638126	0.04932853428937876	0.049020082466538405	0.049627445115944066
1.6217111647302988e-06	2.2379930331199895e-06	1.4374564788824718e-06	3.1163333711306194e-06
0.0029908423054774438	0.003011369600404769	0.0029698005393730253	0.0030481297694204238
8.102564406613748e-05	8.096738118641121e-05	7.558899802496148e-05	8.653214499259793e-05
0.003306241319890492	0.003311465497773962	0.00327503047684223	0.0033502852399086556
7.920330872665001e-06	1.0445672192984037e-05	8.692495635919152e-06	1.2376746868852101e-05
1.896074911611616e-07	1.1565240785526841e-07	2.3838053563816525e-09	3.6548214640567554e-07
6.349675193466166e-05	6.107017286924557e-05	5.6167621040932296e-05	6.605821293387604e-05
0.0014276181331099446	0.0014356234789623277	0.0014127146255192916	0.001458545566924825
3.6678172839330813e-07	6.026639760463871e-07	1.9198304765577255e-07	1.0227499770613041e-06
0.0009146156792125374	0.0009030399673909277	0.0008852238252400544	0.0009218960756258355
1.3760080061153837e-05	1.3897884712717038e-05	1.1706522271906643e-05	1.6200446379851496e-05
0.000335603271391073	0.00033829322385108153	0.000326184849865262	0.0003494281116141103
3.039051294670103e-06	3.6792789462159334e-06	2.467837159746294e-06	4.807158717510601e-06
5.0085443319087244e-06	6.018964888603183e-06	4.419891603650254e-06	7.64173350174917e-06
0.028018321371122146	0.028463762043158626	0.028256504205737686	0.02860052870269944
0.007021826540905605	0.007033430503160404	0.006969697287406863	0.007093821235900939
1.0273539338157916e-06	1.4840796667782217e-06	8.015918117892297e-07	2.2330275544996714e-06
0.0006874763855454848	0.0006766863960153275	0.0006594958955488232	0.0006936863088748247
0.014862794137995987	0.015028804090752475	0.014931980092356863	0.015133947679790448
0.002337851760857933	0.0023469329452439603	0.0023176710947171767	0.002379556337374274
0.00012520466173033455	0.00013311416574169526	0.0001267699411449188	0.00014016166564631853
9.001340311849481e-07	1.3290205224568066e-06	6.277807742740436e-07	1.993237271486376e-06
2.612468311992826e-07	3.7609425304994847e-07	1.472862753074982e-08	7.839654146724841e-07
0.007807534318616805	0.007822177819564381	0.007758754774247337	0.007891062994353036
7.109049413108561e-07	1.0884165245883618e-06	4.984903116720374e-07	1.7528688270108019e-06
0.00013780359638655202	0.00013506355175598613	0.00012792990284222726	0.00014200364492833383
0.012904361380838865	0.012989852349183066	0.012898742534641728	0.013078812737005023
2.572924727184717e-07	2.7787026596038575e-07	4.40152325015306e-08	5.483604350365795e-07
0.0012386430850243033	0.0012262267059374205	0.0012048878528391513	0.0012476319626105984
7.506239404583202e-05	7.620737645977096e-05	7.067085834841215e-05	8.150797141321421e-05
1.3993205715279131e-06	1.2573880716197135e-06	7.188877403386875e-07	1.955624513301258e-06
3.5338262640073717e-07	4.3460162813389697e-07	1.0704154494336787e-07	7.572140714192357e-07
2.3653801116758693e-07	2.0290365024568111e-07	2.2483607470590348e-08	4.644225214840115e-07
3.6149269667359646e-06	3.9183980200252785e-06	2.705192362926418e-06	5.124834284502853e-06
6.718927397938556e-07	9.009447732199313e-07	3.757246221923631e-07	1.499761277173137e-06
2.9776634980392432e-05	2.7540679060871645e-05	2.4476335864087336e-05	3.068402425536796e-05
2.6877232315987593e-07	3.949344163033714e-07	9.100022151538126e-08	7.379468520605591e-07
0.025832580077635312	0.026071270263809048	0.02590513206869356	0.02623789844784774
0.02891777472905747	0.0293815928344088	0.029162698534260498	0.02954007409213567
0.005726666954218195	0.005717073267208569	0.005660698547033923	0.005768969972932325
1.7922407375924301e-06	1.8256007215847715e-06	1.1344236663994433e-06	2.5593057040224846e-06
0.00031697171287111737	0.00030281521344604974	0.00029104889206307626	0.0003141359719809162
0.01915526543201929	0.019295171164659914	0.01916197331722791	0.019404877401016752
0.043841331612668656	0.044782094241951176	0.04451251259558119	0.0450479636266902
3.739800894331302e-07	2.7995518810372425e-07	3.478221556882741e-08	6.286260835234048e-07
9.582658177026985e-06	9.420347322438969e-06	7.742579012966518e-06	1.1591542928049776e-05
0.001312623595028799	0.0013183880441798757	0.0012937899169767814	0.0013391375068921082
0.000629938251741751	0.0006363407181971856	0.0006207425377777249	0.0006499186292622557
0.000570487942148994	0.0005634353130872694	0.0005487595013758065	0.0005780737616214882
0.007263211232941365	0.007288471590566375	0.0072341181352618645	0.007354645400831876
0.0016205788016524086	0.00165298753559336	0.0016248893404621927	0.0016786085380188836
1.208627906155468e-05	1.2304020658604985e-05	1.013374625847939e-05	1.438560232944881e-05
1.371114406779625e-06	7.950587364109489e-07	3.1861738714665706e-07	1.2989961945796174e-06
0.0031640427698948095	0.003147231949228786	0.0031094008116288427	0.00317957006749729
1.6465162597750794e-05	1.7326736372774517e-05	1.5142592329309675e-05	2.0180686919603142e-05
4.876869476197328e-07	6.307498352389948e-07	1.0671034466080265e-07	1.145754944275573e-06
0.0020062337945878747	0.0020274422385664816	0.0019960102285675723	0.002052667893280108
0.014313846677732464	0.014407872127590744	0.014308413208696177	0.014511122286624151
2.659662567987683e-07	3.1544371297437915e-07	5.13142596045939e-08	5.783383372896396e-07
1.5048153919360944e-06	1.4365385065589802e-06	7.916846519431379e-07	2.2173244580824975e-06
3.6222886345022666e-05	3.7760150170594985e-05	3.3897473198502386e-05	4.1398224151857434e-05
1.291730435623613e-05	1.3619439070954783e-05	1.1324165464160362e-05	1.5820900151524605e-05
2.7833776347221407e-07	4.665346840430417e-07	1.350318325526486e-07	1.0123828942096396e-06
6.735025855980328e-07	4.6703565277005516e-07	1.2969579287589097e-07	8.505482482172024e-07
4.571628000593909e-05	4.6355146518528476e-05	4.2116268076089764e-05	5.035573119137207e-05
3.915229174187457e-07	6.782111387666843e-07	2.348768741677581e-07	1.1603078943395655e-06
0.006175594614057441	0.0061982802035807595	0.00614329288093473	0.006252727779576705
0.011792996803557701	0.011822165457968211	0.01174000346640402	0.011903140511805726
8.531582092934847e-07	7.12778647153224e-07	2.618773359694638e-07	1.2197347898088578e-06
1.9092700221868576e-06	2.7391472172323113e-06	1.8516014663160108e-06	3.733545122678818e-06
4.539202759416476e-05	4.3365740613845814e-05	3.95892661985452e-05	4.737821097086082e-05
0.04592708526653864	0.04691401324991596	0.046660330480956996	0.047172223444208065
0.003563755939945373	0.0035773736338376902	0.0035341257496703054	0.003615395296986815
8.604560531799871e-07	1.132247326850989e-06	4.826605763439185e-07	1.6727799637519124e-06
0.026039286715685426	0.02634835836088754	0.02619483236960893	0.026501635760959517
0.0071738770744978735	0.007182147837922001	0.007129059480500951	0.007241034088789482
2.5399096148084955e-05	2.4282819438090322e-05	2.1183131456882733e-05	2.745101291988093e-05
9.644298075812635e-07	1.2871981873175861e-06	6.991476019578806e-07	1.947306027406335e-06
3.062502628341775e-07	3.156438484261713e-07	7.378563363721066e-08	6.263378908037995e-07
5.185095574237908e-07	6.220273201843517e-07	1.1166502693418373e-07	1.0966987608145371e-06
0.01546029005553698	0.015438392029957785	0.01533501350106159	0.015531172602753735
1.3792538449846169e-06	1.3422242868494013e-06	6.641368863544135e-07	2.1290775412266633e-06
1.724591839821176e-05	1.7383197549928763e-05	1.501243183023729e-05	1.981470302449122e-05
0.0007555442587096082	0.0007500061154296246	0.000732825880185435	0.0007678095730217018
0.0003977660090112669	0.0003978186742838602	0.000386871630758214	0.00041098875097072613
2.615512247160024e-05	2.5967727138249264e-05	2.2934744874197974e-05	2.9144437510406153e-05
2.0077241942947957e-05	1.883476158527212e-05	1.6148001152808696e-05	2.15021705732748e-05
3.529285562241735e-07	4.1423048963939436e-07	1.3670785383539276e-07	8.28571670511655e-07
4.063543359507716e-05	3.995140349104233e-05	3.630998715629172e-05	4.366038064285495e-05
0.0017656733547816092	0.0017859207625146912	0.0017594236091850635	0.0018113777314669335
0.003304184311534728	0.0033071619518241975	0.0032665268987494625	0.0033463174823333
1.9379319639167867e-06	2.6012160349818786e-06	1.6457356686014328e-06	3.529706299402764e-06
0.011306916180206034	0.011302168132320654	0.011224421138410993	0.011382065506429437
2.260329031081751e-07	3.643828084403572e-07	9.484282353571928e-08	6.881013502281707e-07
0.018814997099050566	0.01915561591264293	0.019032291782868235	0.019277999520878893
3.349242140196422e-06	3.2504377133066574e-06	2.2178737556145217e-06	4.4340078715362825e-06
8.255538215462172e-07	1.1700761174260575e-06	6.089246524680038e-07	1.8699189894898695e-06
9.618738365532251e-06	9.501916751936018e-06	7.730910486689077e-06	1.1385894132026372e-05
0.009415828404191667	0.009502452371251007	0.009430536278141487	0.009575988455220237
0.007605210316685916	0.007585035936014108	0.007525327434662945	0.007648138529491818
1.379086772347537e-05	1.5380194584889263e-05	1.3178756530302596e-05	1.7984563893852642e-05
3.501410275522847e-06	3.2323469004863085e-06	2.1723573748594038e-06	4.372096258998524e-06
0.00016245114513614147	0.0001572285203166854	0.00015077901233227472	0.00016595053041106283
5.268343850882471e-06	5.804818334081322e-06	4.442865810044655e-06	7.329073532979669e-06
2.434068730911294e-07	9.700973474662513e-08	1.9909339122857665e-09	2.6451748795739205e-07
0.0005309452463301489	0.0005284470292863739	0.000514916476494808	0.0005439187316768336
0.00013271285184805545	0.00013613726756878924	0.00012823697471153872	0.00014296573802092868
2.6836417589127385e-07	1.5768774175982759e-07	1.0505535085783592e-08	3.123126458482337e-07
0.002881277919339956	0.0028921930138691666	0.0028585462703598703	0.0029318711362407365
0.05757439140571645	0.05962521081794404	0.05929547271499593	0.06000364586545103
0.005093946156766567	0.005128022711159676	0.0050811798681702856	0.005183475531731184
1.3495288032466786e-05	1.2992781464524535e-05	1.0737714300267216e-05	1.5069128656446166e-05
1.207233624019638e-05	1.2790037377499568e-05	1.0571897261923622e-05	1.5029140596447958e-05
1.489162746210597e-05	1.5018265400089202e-05	1.2737168354553714e-05	1.7719348124142277e-05
4.8719028363654143e-05	5.0224905361307434e-05	4.5856732446055985e-05	5.48027256073838e-05
0.0002863779711560232	0.00027920690906779077	0.0002702954732818081	0.0002895865455294067
0.000469237272571799	0.00048171405466902116	0.0004689737139438382	0.0004960771838170531
1.549376790185048e-06	1.6187278757398442e-06	9.09965301619672e-07	2.3445641064214234e-06
0.011620815030370267	0.011645240070590264	0.011553860391030683	0.011731011866944417
0.0015619693830370201	0.0015691124884257188	0.0015456919018639614	0.001593181070593026
1.424358566551255e-06	1.3883088639449878e-06	7.034663625813764e-07	2.0852382356713484e-06
0.010220447255587928	0.010251185117740244	0.010175055956094099	0.010344664325011521
2.014785749323812e-07	1.260020775707107e-07	1.0678106250342184e-08	4.0152549953168046e-07
0.0006416353513428917	0.0006352894000089853	0.0006201590377561553	0.0006495803574548751
1.2790170651877247e-06	1.2057504180229824e-06	6.005865761896325e-07	1.822916049769518e-06
4.398209360142667e-06	5.104346768659475e-06	3.6909972442728383e-06	6.433024235865552e-06
1.3256784878003483e-05	1.4482886227058676e-05	1.2366316697492802e-05	1.6901041021748088e-05
1.6864741713029687e-07	1.5754364383395677e-07	1.1964845503194655e-08	3.798832849068843e-07
4.6019464306343496e-05	4.805284608574196e-05	4.3488340730270104e-05	5.174380812009091e-05
0.004814044233084141	0.004843430007609952	0.004795927015178233	0.004889877210410146
0.0009970598178818111	0.001010271767979464	0.0009928531867056283	0.0010316789505234512
0.00018312646326393343	0.00017977893746846731	0.00017166811340164662	0.0001884191751929892
0.00023492876188670823	0.00023873873434600805	0.00022957162559632008	0.0002489295999216218
1.8670086486006006e-07	1.1216348169005892e-07	1.7383512255879467e-08	2.5747758754274137e-07
0.00041979366867544586	0.00042335761583189163	0.0004112599693138325	0.0004370185504504658
0.057736395732409934	0.059301099993899126	0.05897364542926289	0.05963757780181867
2.850180224315323e-06	2.453318479213547e-06	1.5077835431288364e-06	3.304337365642211e-06
0.0003165587419702796	0.00032192627526165824	0.0003096909771540932	0.00033165944542735157
0.007882442568091463	0.007908955823740942	0.007840085882486537	0.007969170383251354
0.004538341751424632	0.004529285698864558	0.004483939393576896	0.004574274488334646
1.11447596437865e-05	1.0233208638849997e-05	8.473465419953677e-06	1.2270742987308731e-05
1.6020101084644103e-05	1.5586519633954815e-05	1.3311758472073205e-05	1.7947358858771373e-05
0.03991696426978391	0.04092958233620668	0.04068361426762761	0.041175306057578506
2.8386894093662342e-06	2.8670889967270693e-06	1.951144818746923e-06	3.917116579635146e-06
2.421349823419179e-06	3.0398672523920057e-06	2.1502442837400794e-06	4.104770118021849e-06
1.1466922969528798e-06	1.6266986695509608e-06	9.159534610363827e-07	2.4105368807923235e-06
9.68262405650867e-05	0.00010107384680551915	9.513915684292177e-05	0.00010680353999210314
4.617100551045865e-06	3.8456773243102095e-06	2.722241729042128e-06	5.0020923061546815e-06
0.00021029214744548562	0.00021495443769787035	0.00020612690110848422	0.00022288263047459583
4.0099466208957285e-07	2.7234901983180183e-07	3.996190029574329e-08	5.326295904744382e-07
2.1122198434213172e-05	2.0523568451467094e-05	1.792063552001194e-05	2.333421951186616e-05
6.164658986799635e-05	6.546346936136453e-05	6.027655551681202e-05	7.040164067254718e-05
0.003786777489238194	0.003759973507216601	0.0037202604709698894	0.003800068313979957
0.0017822826185404433	0.001759381393921197	0.0017306683690557403	0.0017856495457477864
3.1250416314298325e-06	2.7777845215560064e-06	1.848707805316689e-06	3.787792383326535e-06
2.1411021981767397e-07	9.42775642216188e-08	3.130452754709588e-09	2.498292520082074e-07
4.387636150528029e-06	4.191537761401534e-06	2.84776065602791e-06	5.524975476271592e-06
3.1823869045430016e-05	3.210414222464149e-05	2.8513479030909116e-05	3.587535738018273e-05
1.736530434645369e-07	4.8245407120548e-07	1.7773292332595806e-07	8.489864889220198e-07
7.06049189275131e-05	7.295270880937663e-05	6.846408702673028e-05	7.894039600701121e-05
0.009873740686885797	0.009885472071245356	0.009801024669021477	0.009949694425071353
0.024722601889225735	0.025079585229497697	0.024920732758181848	0.025224583678565653
3.1344462176084274e-06	2.030808039403504e-06	1.1531113102535464e-06	2.926567738084975e-06
0.05955324926862887	0.06143431612581448	0.06109368325259078	0.061822415070379715
1.6832778972124956e-07	2.9861921628460177e-07	7.838118340793969e-08	6.091450048581279e-07
1.2050319916318022e-05	1.2813507320185489e-05	1.0645086028572552e-05	1.4840755234216518e-05
0.004351587311691495	0.004364118371540508	0.004322567738767347	0.004411438614136203
5.588956827163908e-07	5.031446494292386e-07	7.869583374962193e-08	8.866095212034725e-07
4.833290108310894e-05	4.746452322837687e-05	4.351081633858427e-05	5.1792911485907965e-05
2.1720265760585924e-05	2.1312862754773715e-05	1.8515714489610456e-05	2.427915839770194e-05
0.007634935043607394	0.007644198439285268	0.007574248876778361	0.007709277448243928
0.0015966199169051094	0.001582751540930433	0.0015593078931548832	0.0016084968190703084
1.5569038625494824e-05	1.5508655196752516e-05	1.3231736389696907e-05	1.7865879099259732e-05
2.143657280842872e-07	6.356919279699172e-07	1.5950000831242677e-07	1.1034945703900446e-06
0.0012567979218628094	0.0012468001676755969	0.0012242955389165382	0.0012687305984667892
3.675037133349687e-05	3.7178803597764085e-05	3.3752686205268184e-05	4.1186762747600135e-05
0.010662850238927655	0.010771276342341539	0.010692011634000112	0.010845775967769403
0.0002704208861667026	0.0002718734808261672	0.0002615933702394546	0.0002824275704348357
0.030775319048303485	0.031284550108231925	0.0310651431609278	0.03149821998580755
0.014167103371579153	0.014254131439565242	0.014161927707909172	0.014356633991044407
5.9336793670089484e-05	5.6007861795793386e-05	5.1762382991607744e-05	6.0741584289758896e-05
1.9493187983362743e-07	3.3073012406588653e-07	9.232841224904726e-08	6.629002838922298e-07
3.794304925093026e-07	3.656096485827728e-07	5.2954300387450335e-08	6.831196215083703e-07
9.965752633327935e-06	1.1171899278501749e-05	9.079648340574845e-06	1.327903902467126e-05
0.00033813953105231686	0.00034240400446765084	0.0003314131186893793	0.00035339892251919075
0.0004256901238188942	0.00043059834305223357	0.0004177223446871858	0.0004438041833926995
0.0001199842028147513	0.00012111196014114542	0.00011480314899716368	0.0001280761102604121
1.01824285993894e-06	8.36341022465003e-07	3.162441923357141e-07	1.4270183028744708e-06
0.01354763187583804	0.013618231074641631	0.013521098670944058	0.013708922488664297
0.002244968753595877	0.002235237678696715	0.0022027460155030066	0.002267970913673333
1.9745353835795802e-05	1.9847754805673874e-05	1.7107128800375704e-05	2.262222038096627e-05
0.00725715890906457	0.00726295521085955	0.0072101465717750845	0.007325071545233133
5.02031093790795e-07	5.318078849579739e-07	2.0084615751536334e-07	9.75442378678739e-07
3.572139963063475e-07	3.7594458322763165e-07	7.832692977237733e-08	7.625082262843108e-07
0.00011023873659022917	0.00010707395325311366	0.00010059541926291262	0.0001132143122684142
0.028237137208448306	0.028790702084939494	0.02860859234049138	0.02897026624809732
1.0753325841526355e-06	6.745864619205707e-07	1.221609209062235e-07	1.2415585325720086e-06
0.00025149084516610273	0.000256992986208868	0.0002477335697692304	0.0002673331234248712
3.380340173920139e-07	4.955279794722285e-07	1.3105868492624032e-07	8.210145560862569e-07
1.3995645190190968e-06	1.3651991885152293e-06	7.954938045264052e-07	2.063562848138964e-06
3.8127433446426397e-07	4.978310916938212e-07	1.252098818470085e-07	9.24013295570223e-07
0.019789686877140958	0.020051697285662355	0.01992142604069426	0.02017632560576194
5.162364697015538e-05	5.002387060037905e-05	4.6077938566031934e-05	5.432529169856045e-05
6.189949638759908e-07	6.776445415965975e-07	2.0884736795260414e-07	1.1065203665447433e-06
0.0008711717923117352	0.0008707626758987089	0.0008511840457340183	0.0008885224810696338
0.00010517701941309063	0.00010917921244535592	0.00010200915077258697	0.00011510692495881243
3.1450567251411965e-05	3.654891652139439e-05	3.304236171972548e-05	4.037857348379155e-05
0.0019656839582607795	0.00197594551789773	0.0019454137522949017	0.0020009610524703925
1.4515668027867647e-06	1.3190636507232087e-06	6.119440975492396e-07	2.012984594553544e-06
2.2815232884811832e-05	2.0589341702385133e-05	1.7457065417010736e-05	2.296842727412977e-05
4.9718276315274105e-06	4.263394309968269e-06	3.0587934466590784e-06	5.515173686744185e-06
8.486472482126104e-06	1.0718396578056438e-05	8.687903096609908e-06	1.2667466609762377e-05
1.5531057115781117e-06	1.5642155008314512e-06	8.037162841926732e-07	2.3908412958085675e-06
8.144362355763189e-05	7.70623784295529e-05	7.168821119102782e-05	8.226477964399854e-05
0.0005493825640624	0.000559816550263357	0.0005453830582476838	0.0005756687026350089
3.371786053229812e-07	3.12315198950969e-07	3.446795697400862e-08	6.8164303155906e-07
2.002303882120195e-06	2.4140856287225914e-06	1.4863106650282268e-06	3.371734371309056e-06
5.824864195975918e-06	5.164242733035154e-06	3.882007459930305e-06	6.480763712978587e-06
0.0015131082222724556	0.0015171335323064844	0.0014929615133607475	0.0015442850721714035
1.0887710285982045e-05	1.0113351772036364e-05	8.059405136355733e-06	1.1924289825894166e-05
3.8748797770024766e-05	3.84404581950639e-05	3.4606713851198144e-05	4.247250477328818e-05
0.001454354664889727	0.0014540861423333613	0.001430740826870366	0.0014783727509692839
1.2261031858677192e-06	1.2817870999526739e-06	5.886723896113822e-07	1.972896796881935e-06
4.653138316176715e-05	4.712728280808529e-05	4.3042662497281296e-05	5.103480457653052e-05
0.0005466300809098522	0.000536523548327506	0.0005227449367857022	0.0005536078687582346
0.02533238840799743	0.025608184361748165	0.025457507146109462	0.025758289061801855
1.59755685964858e-05	1.4852592285683378e-05	1.243295682731631e-05	1.7195885421631383e-05
0.006411360854694519	0.006468057443866083	0.006413674018756653	0.0065218054917177744
0.0006289373609425248	0.0006333765418326572	0.0006186479774737254	0.0006506143596197951
0.00166192252149308	0.0016698157347821872	0.0016475841340368874	0.0016959505309045513
0.002250430816588218	0.0022556447578690733	0.0022208354196830036	0.0022839258828313207
0.0459713634482521	0.04719368408498075	0.04692345892226264	0.04747549180475184
3.7886427633874416e-06	4.331955996703599e-06	3.0716052170305454e-06	5.573358857129231e-06
2.7055140376183547e-07	4.0755412790556336e-07	8.792028443476329e-08	7.88911713350966e-07
3.87553092999356e-06	3.4624981721119774e-06	2.5290745989394036e-06	4.629792251773519e-06
2.7923359499775156e-07	4.208494058398167e-07	1.3785916868023998e-07	8.377575078274543e-07
0.001467508698295579	0.001475806318777671	0.001451643354669564	0.0015001868188729854
0.007846616921762207	0.007855022425431646	0.007786649570704516	0.007919806385458104
0.028498081256009108	0.02899083967356706	0.02882787199005325	0.02919334324884473
6.9916284739658e-05	6.793781610506396e-05	6.341075023807745e-05	7.388794665747904e-05
0.00011987843657587268	0.00011897270304377554	0.00011191519717644553	0.0001253089989709601
4.719170786433304e-06	5.278477750598012e-06	3.962997072025867e-06	6.7415176888070136e-06
5.616952388636256e-07	9.964350796608835e-07	4.0879492524674215e-07	1.5957528025392349e-06
0.004927912839032158	0.004974293144318137	0.004927999221786875	0.00502164453848798
9.927623933621397e-07	7.206554320582709e-07	3.2692641118737584e-07	1.2145210301904812e-06
0.0053836923011529505	0.005388368263466661	0.005331718940838749	0.005437235358653342
0.014033690291839894	0.014106106130541451	0.014009073411494941	0.014205222180773355
0.00010201500326536834	0.00010341342782413167	9.688037173783102e-05	0.00010934661750560507
0.022019107183586812	0.022090935653660087	0.021967236073785763	0.022244094061525433
3.2786166871036263e-05	3.207302615082375e-05	2.878674637191666e-05	3.58048739019799e-05
2.0949330405648084e-06	2.6178307146059885e-06	1.591410784288402e-06	3.4348548061825747e-06
0.0006575379279149426	0.0006442048120788941	0.0006252952998758774	0.0006595607338846165
2.7861511124150474e-05	2.7560816026816588e-05	2.4184432591220672e-05	3.079251494270402e-05
0.0004494033263328763	0.0004463516741086538	0.000431992296311482	0.00045763336057408387
4.528536992247805e-05	4.565761398057e-05	4.132296779895677e-05	4.957788341040133e-05
0.0003416750120741546	0.0003490665340592538	0.0003381738786259409	0.00036088840961811435
0.03566961988455574	0.03651536515002678	0.036308520473718166	0.03673284642420324
0.00020340773241203172	0.00020065315240489715	0.00019214216601204536	0.00020888703461920843
0.019211204393900005	0.01933102393403181	0.0191971423057167	0.019457189045805408
9.389283195337331e-07	1.2034830210852366e-06	5.544906015997227e-07	1.93288525036266e-06
1.5887789732746466e-07	6.898253281380936e-08	3.1126530730943386e-09	2.2692111285279823e-07
0.0004413320144936701	0.0004475055122519161	0.0004327871726274916	0.0004597109699065839
0.00017540703908813468	0.0001743578939690021	0.00016570824332134024	0.00018244570625952102
0.0038908544724233127	0.003903247426968111	0.0038641034612253654	0.003941875248483878
0.006610710268314286	0.006604817836485213	0.0065399722066309595	0.006658133376665159
0.036592748469041064	0.03708870186433511	0.036868237176348205	0.03729191297503566
0.00042515844124744345	0.0004246585210761143	0.00041257218472072927	0.0004372059428921049
6.70719549541201e-06	7.508307184028715e-06	5.903017120671886e-06	9.224867090021676e-06
0.007082469911485044	0.007137026055170425	0.007079270577411405	0.007189966520177501
2.0448228669818447e-05	2.1851018044276056e-05	1.9165386547854584e-05	2.4748624745119604e-05
0.0004208835422065613	0.00042022748423847133	0.00040794641298336773	0.00043376951599663445
0.0004844562298988459	0.000495289020191896	0.00048079681264692097	0.000508048696637846
4.781390590724582e-05	5.038598286310049e-05	4.642465025364253e-05	5.4754289563617846e-05
2.051856686797576e-06	2.299576794142675e-06	1.36388427704918e-06	3.2176264571107598e-06
4.936019323939185e-05	4.585498163351683e-05	4.16575293575238e-05	4.969665482491669e-05
0.02523702568931216	0.025624936741549295	0.025474109059709156	0.025788289903824153
0.0009438180357319064	0.0009328259327845257	0.0009143044080708024	0.0009535715217468837
4.4835972844299383e-07	4.968865162894273e-07	1.4626865839404902e-07	8.887525526269501e-07
0.00026208324622752565	0.0002604208788520274	0.00024966049038910787	0.00026996144757268127
7.449317696757287e-07	1.010099869469282e-06	4.7317446216999065e-07	1.6798609817276098e-06
0.0669355038387154	0.0687231724648308	0.06826142407384751	0.06905845287042427
0.06472962635414832	0.06692069562314633	0.06653941509291855	0.06733143897872566
0.0012765079611080279	0.001282343363124014	0.0012563037385140347	0.0013035442577240908
1.9889168930512437e-05	1.9320675828990252e-05	1.6920965913385118e-05	2.2313294812057346e-05
2.84626546899007e-05	2.7556721627388387e-05	2.4746554508529795e-05	3.078743730999981e-05
0.025345967682881398	0.02570597598252494	0.025518300281931874	0.025863572002976537
3.730590407335969e-06	4.654418825051606e-06	3.50599707015366e-06	6.002690477068679e-06
0.0008571923466915067	0.0008418722768824484	0.0008224193620060814	0.0008587467032367182
8.00425678037886e-05	8.184878390431342e-05	7.696668551787441e-05	8.78612593808502e-05
2.450310055437563e-07	3.3297640165020894e-07	1.9811322252625788e-08	6.583037095106866e-07
6.562897883498305e-07	6.775301098805576e-07	2.636943701542116e-07	1.1234226952373128e-06
0.01723554054202954	0.017230683224463444	0.017132491749705745	0.01736142483179652
0.016520123371297983	0.016750043361882114	0.016642404296983437	0.016869982471503668
0.022280288812687992	0.02255493366075755	0.022396165404443426	0.02269881782453653
8.396769551212748e-06	1.0198494100004726e-05	8.124920918669772e-06	1.1969015174470098e-05
7.473292105573948e-06	7.454456233538938e-06	5.785993150116063e-06	9.002672638218055e-06
0.0008058574491285202	0.0007992793795263989	0.0007821905014198043	0.0008156229152875801
0.0003508097136608365	0.00034931291826200176	0.0003380259767915513	0.0003613536839006011
0.0546768915698728	0.056118756879835904	0.055807836426769446	0.05645641467951613
0.00045758430013522855	0.00046167281633232774	0.00044803824654705946	0.00047612896279960044
1.1586712718894946e-06	1.4049110303106494e-06	6.871016360523445e-07	2.1601785432650784e-06
0.007523936296185506	0.007560895075106359	0.007494133756764716	0.007627621517508587
0.00613184851912477	0.006176064257507137	0.006114257894229098	0.006228842838748777
5.139064620957165e-07	1.7273388135625788e-07	2.8823240565787436e-08	4.1538701366353044e-07
0.015621616364857807	0.015781574652673637	0.015677171096489754	0.01588359639055662
1.927418594479223e-07	1.7814519280263184e-07	1.1358510756563445e-08	4.2279991264571095e-07
0.011463361365094751	0.01147077388757501	0.011383675579499167	0.011561638657754478
0.01801300507214443	0.018235177117931493	0.0181165352582076	0.018341076595563156
0.009613949198396024	0.009668262408109286	0.009593340907361983	0.009735310478237813
0.000741826716630056	0.0007383018335196508	0.0007223852342609513	0.0007561352562250455
1.1076624844781885e-05	1.1156573933230085e-05	8.942988516198642e-06	1.323249923246731e-05
0.00018397465141436914	0.00018136842395103994	0.00017363148535264741	0.00019066273897618065
3.410146950284289e-06	2.9762384560208596e-06	1.9173603090048755e-06	3.9918722546976614e-06
0.01269288992451166	0.012734567703004188	0.01264247607003519	0.012838648471752425
1.5416834728042747e-06	1.8087662401193013e-06	9.3006356989434e-07	2.685430970719279e-06
1.9069605610291922e-05	1.844570625646828e-05	1.59366383983276e-05	2.086307925149096e-05
0.0029612954389156756	0.0029750325710208607	0.002939255114880044	0.003011049286933987
8.265173589995663e-06	7.615974637178364e-06	5.921715193334445e-06	9.328443642817818e-06
0.00046066330671278645	0.00046766890182683036	0.0004539063898192998	0.0004808276031761158
2.6775788366228817e-06	3.2720028172893233e-06	2.213849614057567e-06	4.2301068889948715e-06
0.01281515056371299	0.012919072663654803	0.012829360483521407	0.013015784866937352
0.0006952002336304591	0.0006767799065900724	0.0006609084695506144	0.0006939800649338464
7.194921308915645e-05	7.582992368608595e-05	7.035082524135679e-05	8.04041081852954e-05
3.2484524951356405e-06	3.4001343741029147e-06	2.3225856053918508e-06	4.549499972589987e-06
0.007757058158657828	0.007803544656332408	0.0077373543435403	0.007876810414972004
5.589305502885739e-07	6.429990722096775e-07	2.8932826167645306e-07	1.1291822230225486e-06
2.2252782958908536e-06	2.658725769419953e-06	1.7430909334544625e-06	3.7269970118856753e-06
3.271297413205579e-06	2.4788280116182688e-06	1.478579386176969e-06	3.4634895478414563e-06
0.0003592650635348056	0.00035974956453525136	0.0003485973900761131	0.0003711406590352489
0.0005405488507873125	0.0005564528534926521	0.0005415902727174474	0.0005712640633139869
0.05347190324352511	0.05492285597605712	0.05457692871699302	0.05527796912335725
1.5333652571560075e-06	1.9417278635018687e-06	1.0939855195476713e-06	2.9088269817362355e-06
0.005000746229290213	0.005014024095905072	0.004967548658690329	0.005063103944970373
1.1669320997132645e-06	1.5117957156182098e-06	7.255443104325656e-07	2.2132605455271666e-06
1.6827236797359797e-05	1.6290931260260524e-05	1.3844798323037622e-05	1.8605303045153647e-05
0.03739190725809707	0.03805228841451067	0.03780592623848406	0.03827933420554227
8.425838205373585e-07	6.34902700537754e-07	2.0125999230029043e-07	1.1825731317318898e-06
5.363476214156036e-06	4.907251938059269e-06	3.5496507111551046e-06	6.325213762401394e-06
0.005630247896108336	0.0056732518564598855	0.005617062250392882	0.00572178987189062
0.04289336586233713	0.04383619531058926	0.04354375243102913	0.04408435265120462
5.164477983822713e-07	3.7973945320465185e-07	1.0292790505460252e-07	7.188213001384382e-07
0.0003013588459587236	0.00031284826401013294	0.00030214876237904365	0.00032418905204096844
2.994562958767312e-05	3.235448458400099e-05	2.9174444777042916e-05	3.594445212347764e-05
0.0181427992681133	0.018307365460873786	0.01818122325918011	0.01842942026793678
4.6772841469232115e-07	4.3491214212202474e-07	1.1727128063314387e-07	7.819788945091668e-07
1.6322883025786763e-06	1.7286115492484415e-06	9.864796005802552e-07	2.4744597289473875e-06
3.004625562686718e-07	3.529677106461463e-07	1.1314629102090424e-07	7.472510075057994e-07
7.755659389928324e-06	7.989271982926276e-06	6.376212739004436e-06	9.954273751510203e-06
1.8355505312459105e-06	1.3270815383638533e-06	7.065989816896372e-07	2.100210057177468e-06
1.7411857528877444e-07	7.943503528457286e-08	1.0804343838429914e-09	2.976818431972909e-07
8.142658598712975e-07	7.166539283464337e-07	3.057532359481559e-07	1.250461274540808e-06
6.732703238216743e-07	8.1566489793537e-07	3.346361828213413e-07	1.300557177738218e-06
0.0020283938101752124	0.002031166370509289	0.002003269748984292	0.0020599626567936267
3.474437976860468e-06	4.277749614555667e-06	3.0549954493119134e-06	5.466208576994217e-06
0.018679134408206836	0.018872805170996515	0.018754332426037697	0.019003773580623735
1.1042007085683862e-05	9.501465408169624e-06	7.462273647669266e-06	1.1457496295341484e-05
0.013070172184526522	0.01311980751895244	0.013018702920231894	0.013206330641090114
3.3485312405484556e-06	3.932676353565249e-06	2.703426067081913e-06	5.083909004785306e-06
2.1105154183646697e-05	2.043431796429173e-05	1.7687315510658973e-05	2.3294629971883647e-05
0.0001767491830749036	0.00017639847199471653	0.0001678035007580503	0.0001845245876047648
0.00012533983243705318	0.00011793150454186278	0.00011086939000814976	0.00012441060146448706
3.338247525026826e-05	3.0561278574552194e-05	2.726530395493437e-05	3.3949664854130195e-05
2.4157084115142822e-05	2.6563887899421094e-05	2.3422043543055514e-05	2.9693370420508528e-05
1.2871180845610942e-05	1.1789663185870417e-05	9.825717681006681e-06	1.3783225136205883e-05
2.8731159913776722e-05	3.0138696223374483e-05	2.6704616360499983e-05	3.3685250629510005e-05
5.854538341741333e-05	5.74224500573127e-05	5.2884342897838627e-05	6.226332820740454e-05
2.2384356062013852e-05	2.118517727138166e-05	1.8425380039123737e-05	2.409060610757828e-05
0.0007938004911895327	0.0007806652004466271	0.0007621897001561712	0.0007960310804992832
0.014344381237241194	0.014465359415563796	0.014372019184018842	0.014556336569827962
0.00026212858559891185	0.00025821826547468396	0.00024957966592097124	0.00026926936745122227
4.015412207221848e-05	4.294105989932395e-05	3.8945202316041755e-05	4.744159956729008e-05
4.445670718246131e-06	4.3497023519060955e-06	3.0960605823168694e-06	5.671951138898639e-06
0.011664255735478366	0.011733706352508215	0.011652134384689549	0.011826192535719203
1.4741069946957801e-06	1.268516074974772e-06	6.848312733565492e-07	2.0051492657415947e-06
0.000288089597404988	0.0002823520134813289	0.00027268391275752404	0.0002927122223044014
0.0019500404450173976	0.0019367159720502453	0.0019077957965952616	0.0019645035368396676
0.0020280750418212212	0.002050262255263594	0.0020217773411853423	0.002081417917821395
2.9395089669859763e-05	3.0719661205764486e-05	2.746949369554317e-05	3.40524331187034e-05
7.18969436709724e-07	6.80026358600678e-07	2.657812990091624e-07	1.1184187339288765e-06
0.0031194111835296788	0.003130487338304564	0.0030912346074592296	0.0031660526273537817
0.00015803139359937834	0.00016165069704852824	0.00015432948935482425	0.00016916329051060568
0.0018194741498092474	0.0018018933202121486	0.001776432187755077	0.0018288037037853873
0.0003623472709059924	0.0003596068392471374	0.000346964036725662	0.0003706697331947109
3.754738468912704e-05	3.490991426775617e-05	3.1352337971165716e-05	3.8187091510357396e-05
0.028258893959762086	0.028729519408436172	0.028555451144908067	0.028890631433729427
0.061929350147731765	0.06385905111171164	0.06347816862952872	0.06424573462903307
0.0001899387710575366	0.00019147746338085757	0.00018356221143959976	0.00020077949774301355
0.0020236664225236544	0.0020286856775597463	0.0019995569479911083	0.0020577628523775295
2.238803686845598e-07	6.403894663248372e-07	2.090656319614388e-07	1.1609714175272045e-06
0.011413087524680773	0.011381582804776602	0.011312021207188619	0.01147983340657695
0.0657880917543665	0.06796137081164622	0.06754261882412844	0.06830534113601762
1.0592481398702939e-05	8.784391880637921e-06	7.08410508328089e-06	1.0475279081313091e-05
0.009600772510096436	0.009600187757729833	0.009516499668825357	0.009673977531009128
0.00043371456766256266	0.00042706447724913334	0.0004137755764377213	0.00044053582899854357
4.7574548899413656e-05	4.597011006005619e-05	4.193122205458421e-05	4.994539035315755e-05
0.00014533515776134627	0.00014478527747317576	0.00013716475057324348	0.0001526685091220224
0.0038501849526207527	0.0038538634211381863	0.003814000099327387	0.0038948856220625077
4.058322547431462e-06	3.152348002715082e-06	2.0566121943879202e-06	4.251433284669178e-06
6.31056012873575e-05	6.436254306776711e-05	5.885941718381042e-05	6.93253189164573e-05
0.009225457301786909	0.009369061949754967	0.009288521481166104	0.009438205170514559
0.001028036861866587	0.001028954330327329	0.0010072516634334755	0.0010473312813307758
1.8395720390383305e-05	1.961158662732796e-05	1.6647955189646463e-05	2.2267003327035115e-05
9.325952256177509e-07	8.113562213694264e-07	3.629122312379783e-07	1.3224149002817512e-06
2.894618875987651e-05	2.89207994551564e-05	2.5936776287338414e-05	3.242382405984042e-05
0.027467774127825376	0.027816440381799017	0.027634612246109018	0.02800802113678149
0.000965217856643652	0.0009629998496059547	0.0009424645501708676	0.0009815003890015553
3.5817513751678514e-05	3.316976056159648e-05	2.9367821885431754e-05	3.6330858563106934e-05
0.00024885522439215625	0.00024764509666570106	0.00023802932011517515	0.00025762361857608473
2.675122068124387e-07	3.629522167535114e-07	1.1114440321698522e-07	6.836493708581275e-07
0.06327989961718589	0.06540178643071468	0.06502971637421869	0.06581370766237696
0.0004781051035701651	0.0004694847451234258	0.0004559055171915206	0.0004834850533873481
0.0038325213922903154	0.003867272640192913	0.0038279396227475426	0.003911003502107611
0.027482579922999763	0.02785914531316629	0.02768080081460778	0.028027385725517565
1.3087987829969523e-05	1.4707527878286952e-05	1.2558524481164122e-05	1.7271170218574012e-05
0.005791833049279953	0.0057921780523271325	0.005734304570625476	0.005841884914921136
0.012846129879752284	0.012939536092951487	0.01284095677571858	0.013026284255702333
0.0008794426108946948	0.0008691637270729105	0.000849609392456979	0.0008860482034615225
0.00032306678206917396	0.00032594809475341524	0.0003148657734517202	0.00033681539663737986
0.016790416774151388	0.01691594767989756	0.016816003836955317	0.017033683459492893
5.2415794201017673e-05	5.248672993695369e-05	4.798551824831681e-05	5.683478793507408e-05
3.7076623871000847e-06	4.119418062826802e-06	2.9100012481373667e-06	5.34876973706546e-06
0.006011811742601351	0.006047359508720285	0.005988424368168018	0.0060962604434276054
0.001317509618116833	0.001312388953882896	0.0012865417716866417	0.0013363524513389726
3.161342204450151e-05	2.9621399805072742e-05	2.6003050193273022e-05	3.2958234810965585e-05
1.677114060802112e-07	1.4731874910744768e-07	5.902978630773191e-09	4.513773367574113e-07
0.03688086391617592	0.03754386744409959	0.03733303831715909	0.03777795136790936
0.0003999942157043135	0.00041045143775508125	0.0003988665138672646	0.00042345290609357576
1.6952943601918207e-07	2.699955121384117e-07	1.6061600486441324e-08	5.950412964933666e-07
0.00010014444646297543	9.79052992300078e-05	9.163667638917853e-05	0.00010375028922720359
0.0003670924490496459	0.00037456998558666344	0.00036278166537573217	0.0003865661135172867
7.642679071702426e-06	7.5020680235797876e-06	5.830874905137185e-06	9.123213108009052e-06
6.21834593969591e-05	6.511105820503574e-05	5.9623192495743204e-05	6.950100123261215e-05
9.64550998704803e-05	9.676783435564758e-05	9.019893862567465e-05	0.00010235257456058396
0.0003102230585428757	0.0003141602817111413	0.0003035041997849338	0.00032432857251745193
0.01234432262443554	0.01247029954705038	0.012377152062616104	0.012548352159705775
0.007598230208417083	0.007621884646400899	0.00755504324559492	0.007682344319729455
0.003787887879822947	0.0037812551253855976	0.0037441014236824235	0.003826187015995275
0.00019140859403724703	0.00019254693562089555	0.00018458397669527125	0.0002021252575905671
0.00044488190369104593	0.00044186236467385595	0.00043014834756062946	0.0004560384062781003
0.002132411174231189	0.002133552766053104	0.002100188183382324	0.0021598298719871546
0.0002415481376141511	0.00023710110292526028	0.00022667605649547018	0.00024558688071780056
0.0036266738263525996	0.0036232229424212965	0.003583168269737967	0.0036619000925654658
0.05624263337076899	0.05792817867749835	0.05758032391057175	0.058239666228836535
0.0043486291799901405	0.004324797681648609	0.004281663497291603	0.004377749272743667
0.00045001282507761296	0.00045158276413728244	0.00043735585607444083	0.0004635455869453957
1.2135613563862465e-06	1.467129441603395e-06	7.556308411537097e-07	2.3273661788023247e-06
7.51772163341722e-05	7.031470233574646e-05	6.561098935454191e-05	7.559186959286637e-05
6.170248816278505e-06	6.412551076875298e-06	4.9629812328181486e-06	8.088219187550555e-06
1.1451627402175261e-06	1.6054197477933673e-06	8.778278152866807e-07	2.388968421716496e-06
0.0037224890236094666	0.0037396306032256867	0.003696926395745677	0.003776392797697319
3.3460711818515926e-07	4.844011243927659e-07	1.5169656230798177e-07	8.957778330483434e-07
4.346131462779039e-07	1.6107842284102235e-07	9.240544345935409e-09	5.07964187937087e-07
0.0008597065351921382	0.0008533247010454428	0.0008369595741857909	0.0008732253507262379
0.00013823805590247894	0.00013348651887284087	0.00012685327562502312	0.0001408385325019243
5.0956234319473274e-05	5.589301801981934e-05	5.1768262592715716e-05	6.061117590394351e-05
8.334782045673268e-06	8.682469505663838e-06	6.835529759157842e-06	1.0407414617678436e-05
1.9486881174649935e-07	1.938762320453432e-07	2.7195207400886473e-08	4.966897928310799e-07
7.013720619242439e-06	7.065745815809895e-06	5.533652638904834e-06	8.575664230982012e-06
5.023222971697045e-06	4.804156246082145e-06	3.346285200349049e-06	6.090223620120513e-06
2.50761102009311e-07	3.8247471204438855e-07	7.156511312898036e-08	6.986416731229583e-07
0.005271315359470112	0.005269815866190027	0.005223952087415596	0.005319316214743398
1.1825637811292015e-05	9.690789959244088e-06	7.98192078201136e-06	1.1677538622685375e-05
0.016474231481548023	0.016547668502437704	0.01643203419245517	0.01666106268301071
0.005721197511201823	0.00575660946275297	0.005699881109673948	0.005809435950932128
0.04203637520976053	0.04290974824927917	0.04263725158397081	0.0431286068218023
0.03869397287188366	0.03946668944376956	0.03922938263075477	0.03968374277630058
0.00033319167742958946	0.0003456279297607893	0.0003337704125666815	0.0003560067983925194
8.855617435907783e-06	9.047165762607872e-06	7.31783537113439e-06	1.1054829523014577e-05
0.023242591880429726	0.02344150728970419	0.023293893779309703	0.0235839020605258
3.004040317409954e-07	5.177927885310553e-07	1.0266155107702879e-07	9.921078927131177e-07
2.911298862469073e-06	2.8334302081193695e-06	1.9130666870044972e-06	3.831934400044831e-06
1.720558353669822e-05	1.872837891012019e-05	1.6365576381535812e-05	2.129573499240323e-05
3.271951116740613e-05	3.4082471835709436e-05	3.072429646120413e-05	3.756189400581095e-05
0.032650158170806035	0.03321900131954078	0.03303231913348139	0.033433961527196174
0.0002859663345621203	0.00029337938911550867	0.0002827999790891487	0.00030469868657242636
1.755815719291859e-06	2.026371314387838e-06	1.3373013211228102e-06	2.9625787225798935e-06
0.00035699292067741217	0.00034854795993166724	0.0003365396186794363	0.0003586462666432707
0.02835811657951163	0.02884242978252382	0.028663372263714428	0.02902752859042329
8.872237129762675e-07	6.099716039250366e-07	2.527260027133683e-07	1.1282620887830089e-06
0.05321759810115949	0.05467342260781385	0.054384165058516266	0.055010087599667024
1.1461047299274003e-06	7.848346526028597e-07	3.605975858789898e-07	1.3130583806398125e-06
0.006545365486516068	0.0065508126609099895	0.0064891042909961125	0.006604072263146022
0.001021561463949062	0.0010036827410330321	0.0009845690354786825	0.0010236256551058598
2.943074147277852e-05	2.929134609123954e-05	2.6047221090996866e-05	3.2565374270825294e-05
2.608867314036099e-06	3.101576687378597e-06	2.0725448603606986e-06	4.162000132484997e-06
0.003551009379742173	0.0035477235634906274	0.003505755360610348	0.003586483265157126
0.009286601287971994	0.009307806717985222	0.009243677141261107	0.009386024954710599
0.0001501158115317088	0.000154925120688664	0.00014738635019611966	0.00016326953988721448
3.161144490876351e-05	3.276990093976325e-05	2.909643692727001e-05	3.608226721105638e-05
1.9747149638637655e-07	3.3613905242157094e-07	4.9650877662045415e-08	6.745028964315624e-07
1.0711240525836582e-06	1.5857080151788032e-06	8.416340991921411e-07	2.3070174841152676e-06
0.005291567350716701	0.005358219782460215	0.005311908758877461	0.005410140036754857
3.607317158167026e-05	3.8362203138558834e-05	3.471337909407249e-05	4.1923383294881564e-05
1.268664881732437e-05	1.2070634907614484e-05	9.664136768002113e-06	1.4171820412046208e-05
7.350825767410017e-06	8.734897225400497e-06	7.0639470247327976e-06	1.0550487497599696e-05
0.0017263809343929571	0.001744417132731044	0.0017182732266568096	0.001772687987783541
0.06508901019786818	0.06737647970046083	0.06695467375327867	0.06779621529376571
0.00020021885349910692	0.0002070835768551892	0.00019717061538859236	0.00021592239954359844
0.016054282794333623	0.01621288777479337	0.016106260844079668	0.01631238794247085
1.3849427554307286e-06	1.98711623102832e-06	1.3405105888763405e-06	2.837349854851382e-06
0.014788394833314202	0.01494440650909041	0.014837106699249135	0.015036477551177665
0.0014172588516117041	0.0014257888216028167	0.0014008953928529484	0.0014482307098357375
3.7180339980571005e-05	3.7690939171098435e-05	3.3854948662977036e-05	4.119891354069542e-05
0.01137225136890089	0.011523762195276175	0.011434467012394194	0.011594148007084637
3.2845914308456073e-06	3.7853723958302224e-06	2.6014356969166973e-06	4.963413309688856e-06
0.00023348167191780865	0.00023522333895020323	0.00022496440169797512	0.0002442947527123507
2.1978281189728588e-07	4.8634957753096e-07	6.633757128687037e-08	9.177319875759771e-07
2.1546878652312187e-05	1.8752860774871055e-05	1.63139719594146e-05	2.124235394498599e-05
1.7012283998560924e-05	1.724838976255527e-05	1.4706715352775276e-05	1.9695925286235053e-05
5.086119663850684e-07	5.20615708308812e-07	1.1064486102240259e-07	9.851781570706004e-07
2.8009298086853056e-07	4.101705375418098e-07	1.4017834672700257e-07	6.995320126302044e-07
1.3230166733584103e-05	1.530921931364098e-05	1.2898565206464006e-05	1.7773358478799526e-05
1.5652700372214846e-05	1.4615875427959151e-05	1.2321934091602527e-05	1.6917342911415576e-05
0.06344766398351136	0.0655093084401899	0.0651755114669161	0.0659088848713876
0.032474141463193995	0.03285339790806028	0.032664245871057734	0.03305159373841616
8.534268425728408e-07	5.869011503212904e-07	1.6172840125132648e-07	1.039178350910735e-06
0.00012957371207257724	0.00013155230468569462	0.00012440852561656766	0.00013853736672104046
7.601963088056627e-05	7.0931179820129e-05	6.59428986096592e-05	7.626371199833686e-05
