simulated_rates	estimated_rates_mean	estimated_rates_lower	estimated_rates_upper
1.8676281769306517e-06	0.00011270016847269547	6.534883580214601e-06	0.0002594975896490623
0.0004977518179235244	0.0006292939026815547	0.00021258093558859266	0.0010691946026912698
4.5530600861740625e-05	0.00016137894919434416	2.9174793118468794e-05	0.0004379067869265386
0.00413694480422005	0.004471584019894691	0.002968915390671335	0.005801601500705849
0.0038579437521817366	0.0036378491409201665	0.002425731467286335	0.004798408084835607
5.345835181923588e-06	0.0001076247483145826	7.527859897244155e-06	0.0002764146794305241
5.621166920397564e-06	5.777266615871753e-05	5.682535571726496e-07	0.0001753455640718697
0.0051251780961118695	0.006389956403106398	0.004779832560975915	0.008291770443267298
0.03890802540084772	0.03676086195702114	0.028972909776215344	0.043696481921555994
0.01339454966810538	0.012956524554968164	0.010030170969226484	0.015985394397768794
1.6148352402080148e-05	0.0001142495560166605	1.0947822738888425e-05	0.0002921697490557887
0.00010344746107846119	0.00021054045064696297	2.779887584243119e-05	0.00047692973384075223
0.0011031921991061357	0.0014879481532741538	0.0007261546155791456	0.0023421985279655512
0.0016120163268080502	0.0014068293028691656	0.000685652837638457	0.0021049375541868317
1.8974580495345872e-05	2.6459187382096742e-05	7.163245016154149e-07	0.0001172242984209511
0.00022587187714634763	0.0002948521410787875	5.483343272575043e-05	0.0005896308829336005
0.00010628764784843016	0.00033992879273382967	5.178675135933074e-05	0.0006884138482805601
1.86179211577008e-07	9.17431529204446e-05	4.320023563856009e-06	0.0002545329340453236
0.0035162600850847645	0.0031847761077560943	0.002219550670837665	0.004459905756982989
0.01461237226078066	0.014996947005676699	0.01176536491998914	0.018260352775093674
1.769904271175443e-05	0.00010384906399408426	1.0116965674164215e-05	0.0002556186917836162
0.0004562443542847707	0.0007139116518923198	0.00023127018812066848	0.0012467444905369315
4.140249306151508e-07	0.00013977971245750912	1.1924530041306173e-05	0.00035559143996373893
1.8626643472907727e-05	0.0001477740013148781	1.1256262434376436e-05	0.00039234832956048046
0.028132352560953058	0.0328626077772047	0.02636853533757812	0.03875795727947345
0.0007276150829394992	0.000690051855724427	0.00027650669320297894	0.0012241665134114662
2.6915665411123356e-05	0.00011677746265379781	2.525184419728308e-06	0.00029634577563540166
0.004321886783007107	0.004434030675971552	0.0030734984469300473	0.005993396024328709
9.48988960352726e-06	9.00855963757519e-05	8.708736678206984e-06	0.00023048599511744128
0.0002470285598184575	0.00024146834233688893	1.5343850526426774e-06	0.0005921501414178215
0.012262832826606668	0.009064930332878446	0.006876875853021154	0.01128946524840498
4.4621807315998387e-05	0.00010707999186727738	1.1643469893375598e-05	0.0003565330867528689
0.0051435242214018465	0.00385750972224735	0.0025533436803049157	0.0051230414488176316
1.0052550813017705e-06	8.243237545179604e-05	1.2731653093099622e-06	0.000236892350601769
0.0014448301540245679	0.0009480294118920238	0.00033732638932273273	0.0015470137443408943
0.0014508463248342333	0.0024094139546833194	0.0014219758400930915	0.0034171973180596848
2.660300908346186e-06	0.0001719536462358886	3.4462850017223603e-05	0.0004105762615502891
0.025269876578963384	0.03051831651457244	0.02433751532760591	0.03653119118413768
4.8212992019108574e-05	0.0003026035769274104	6.687827876775116e-05	0.0006638929820802327
0.020653462961687744	0.01878603307649036	0.014792635245546977	0.02238451233120892
3.382997019985055e-07	6.685516125165448e-05	1.2642205433897063e-06	0.00021619777169412844
1.7003836582412738e-06	0.00014158381897832987	1.0291444739867113e-05	0.0003165787459515034
2.878341995402336e-07	2.783115626071419e-05	2.795425406874556e-07	0.00010846434031526018
0.0009869714326004293	0.0007031758037042969	0.000284388218511988	0.001187658829382174
0.00034848328386111557	0.00043374728478141525	3.142352832929562e-05	0.0009000822907339905
0.00015731365161224793	0.00032585793782609064	7.737335780598972e-05	0.0006223348093202262
2.731697225891898e-07	6.592832989361782e-05	3.7583103675801855e-06	0.00019613966274753978
0.00022656702502089259	0.0002542461112039336	3.6088526562783655e-05	0.0005289118908633015
1.1208615720183765e-05	0.00019843561410120495	9.005958166258891e-06	0.00044883937442731037
0.00010612737918245996	9.27837905839726e-05	2.5599561031473907e-06	0.0002566484886403164
6.648485015551176e-07	0.00011830661562211477	6.801732711189259e-06	0.0002646100295166931
0.0004101936413269483	0.0006440455945915038	0.00024682999598402464	0.001044306594959412
0.00024022188250161526	0.00026606576860895833	5.206820648643543e-05	0.0005200946168342114
1.7000903802645562e-07	4.5086518879545025e-05	4.0081976969313925e-06	0.00015002004821813064
0.0004685122890176456	0.0006493378348223988	0.00016170612303519888	0.0011707545687424758
0.02141932052073559	0.020993429864886063	0.016635911089799116	0.025232213277179748
0.004423640430808011	0.0044485808822190085	0.003094262677022743	0.005919533452493837
0.06042990122946637	0.05575193430908733	0.04533620979504273	0.06512584530612982
0.039243782945263594	0.042872814705654225	0.03463768751081433	0.05115793172333545
0.004507046750865783	0.00427085103627394	0.0029333924348116857	0.005685451588623754
6.299793772079753e-06	7.057911743839092e-05	3.011526440408409e-06	0.00026994995875918615
0.0005162158513813884	0.0006384398627004317	0.00029716059193799464	0.0011106605525420868
7.686087556914936e-05	0.00025554035400574774	2.865674103330107e-05	0.0005211664312541752
1.9710683694149123e-06	0.00013807686030457527	1.3523570788108926e-05	0.000338820435594706
2.2189619327590643e-05	0.00015859592247022492	1.45623773057935e-05	0.0004342547323475465
3.13230323083137e-07	0.00012104906088194799	3.380000448420446e-06	0.0003596229026002166
5.4541288178928825e-05	0.00031454641538450047	7.438633945581556e-05	0.0006597003678313002
0.05302549293870272	0.05720168789906555	0.04695902075040897	0.06962975576682842
7.773152523490829e-07	0.00011545915410232748	7.820274012187634e-06	0.0003846182103317344
7.326529476202723e-07	8.062851350755743e-05	9.5577753726392e-07	0.0002248537539045314
0.0022533676435825514	0.002441853363865445	0.0014432884073272178	0.003535499673466045
0.000316911730164904	0.00025575464460072123	4.132504166702554e-05	0.0005708161534588112
7.06815149182074e-05	0.00029633019751620747	2.729394680770371e-05	0.0006753938881871429
6.249784010065906e-07	8.254917028989691e-05	4.978599646752849e-06	0.0002491073370758363
3.045567037350932e-06	0.00014165764931422004	2.017428348512069e-05	0.0003613353081427425
0.018294283491419545	0.020970816188328408	0.016745854491522064	0.02522860079473269
3.468529088303416e-05	0.00013831676354385838	3.870724984238545e-06	0.0003858485729231392
0.00016258629518576157	0.00028573086735069175	4.341754242128383e-05	0.000612223992220746
1.6878830353214297e-07	5.862471308097043e-05	3.637752565398313e-06	0.00020904041328556603
7.691835886806305e-06	9.172393353426277e-05	4.305103801706637e-06	0.0003132342744170167
4.504036012222629e-05	0.00021743086115217917	1.3836506208460082e-05	0.00047575133067168844
0.00043742593219877506	0.0006064116322864589	0.00017012974788483724	0.0010947751440197413
0.023175559700885487	0.01930081590429362	0.015686762901364153	0.02380913162167384
0.0005217357574729261	0.0005385667782750129	0.00018903020345210501	0.0010700109889214924
0.001477746328220132	0.0012651459148619725	0.0006482749522396246	0.002017332795911565
1.0875621257638282e-06	0.00012784606822250583	3.658595795149537e-06	0.00036974705331723027
0.0024849095704163942	0.0011722047743668073	0.0005819944514511284	0.0018217322353040394
0.007478935226967716	0.009268520689134235	0.006804336848432987	0.011425347782390937
0.0005787048806798221	0.0006299867986535933	0.00019876713613533616	0.001101805321627837
4.587571815366047e-05	0.00021680738930806	4.714477557904187e-05	0.000452247862249905
1.1268978391245025e-06	6.0353506758262574e-05	4.455484076862947e-06	0.00018618614645369024
0.00024802700699202556	0.0003242520441058597	4.997583240924319e-05	0.0006785203589012182
0.0001472702778562953	0.00023117375498719658	1.5568628359073433e-05	0.000594623982827126
0.03566441636363696	0.04092375940969581	0.03377043920416254	0.04890956166421363
7.915299429765813e-05	0.00012887006828954492	3.82895557546665e-06	0.00034047437793072204
0.00010556819298755744	6.925237570915173e-05	3.7538950773788516e-06	0.00022508403304566117
0.00016476573044077082	0.00023678905496578136	2.031325829910675e-05	0.0005671290212238296
0.006417070245912939	0.006948512090842369	0.005154714276967623	0.009003760444506476
3.2668359151162295e-07	0.00011064833997455651	1.816274731344125e-05	0.00030608544509237354
0.0009194967701371844	0.00074560153510011	0.0003248291270049649	0.0012725884817730315
0.0032652299928616667	0.004014504255427574	0.002770701233136073	0.005407958793796731
0.0015189045582726351	0.0015130400123537341	0.0008446384495790692	0.002325856742766084
0.004803008528933018	0.0042193176222204525	0.0027246300579006496	0.005576894693321837
0.0002160275269083497	8.371039784293139e-05	7.713045468406594e-06	0.00021654066038235813
0.04299334146566434	0.04990084565854532	0.040450452518874365	0.060364218283555045
1.0504472464469888e-06	4.4587468469350455e-05	6.989788719611545e-08	0.00021169165654752874
2.2876148725425357e-07	6.0843568549239054e-05	2.3497253073577225e-06	0.00020709232607821714
0.0003451932126037361	0.0005783700077153977	0.00017026306263690863	0.0011694280050055115
6.838410344992105e-07	0.00013670693619554538	8.172782653796022e-06	0.00042495083721457344
0.035379237996016756	0.03976801911400239	0.03256021279002709	0.047295374029110764
1.0647252014343479e-05	7.437389021560436e-05	6.5502124375838205e-06	0.0002143776589121406
1.919183373727599e-06	0.0001926710621414833	3.770610061458086e-05	0.00045860353822473895
5.908074613475861e-05	0.00011894078728907058	1.0206830410243681e-05	0.0002640167432095881
0.02384785075681022	0.023096007813250278	0.018752213867960502	0.0281802641581024
0.013950755338439983	0.016053249814005813	0.012720305729624685	0.019064269583010735
4.1254952845357475e-06	0.00016785414568101038	2.3498626794011463e-05	0.0004339729325637134
1.4219103637830326e-05	0.00010883024941522216	7.814792034617491e-06	0.0003623851764178508
1.6633332342261661e-06	0.00010220488848121518	5.790894465159346e-06	0.00033454157392433833
0.018733957228529923	0.01611934704753196	0.012852727144557435	0.019419048241335436
0.0014879523038918894	0.0011913438752646415	0.0005830162863581373	0.001932279694808299
0.0019319368629359015	0.0017317772931192603	0.0009372175150461368	0.0025158801470108816
0.018323410344843367	0.01940493255738187	0.014910191710886886	0.0231246402329183
0.003817521158200366	0.004482487690650096	0.003276155462260952	0.0059535975186905685
0.0003695742319690649	0.0009187687082536964	0.00032554304271578856	0.001573191172046141
6.798593621760251e-06	0.00011075996713107848	9.047268417920325e-06	0.0003280659337912711
1.1098161717235352e-06	0.0001260018164373319	1.3892228502191944e-05	0.0003385778311688355
1.2038467422987725e-05	0.0001475083512010023	9.851755878365389e-06	0.0003433061824075298
0.0007882805737147578	0.0008531107412718328	0.0003145984261966301	0.001472736995137533
4.0321947484160636e-07	3.8780754881065024e-05	4.084071990639787e-06	9.793949718351731e-05
3.178666135536192e-07	0.0001229166002165657	1.191013026996352e-05	0.0003475844513900274
1.030582618111197e-05	9.8038519239258e-05	4.422654881063633e-06	0.00025836972753803366
0.0003302497688564944	0.00030756732425075707	8.473073254411384e-05	0.0005733797421411951
0.010064665021897517	0.009639637399137209	0.007409767139316435	0.012075735620570637
6.449576675145346e-06	0.00020827967972619923	1.0813678857955296e-05	0.000542734471069634
1.4700764594680754e-06	5.965786579790978e-05	1.1947050712382736e-06	0.00016615552792314451
8.858789693509464e-07	0.0001377695743949446	7.405405422896948e-06	0.00035267567478053163
0.06248032405757922	0.06359856132420244	0.051697882762591275	0.07549191920941385
1.5979637066111826e-06	7.268018194853912e-05	2.2952528099789356e-06	0.00018993829025722118
9.577780712121604e-06	9.486108440652448e-05	6.105325074517897e-06	0.00031467326755963337
0.0002476469786706725	0.00019703608241898314	4.403672567136899e-05	0.0004456846385501125
1.7580525246871523e-07	0.00010508764714817564	1.0006812681671333e-05	0.0002754962488545576
0.01845718574968817	0.016949767149855976	0.013373634072576272	0.020892074020914735
0.04984833213502715	0.05001298717690157	0.04134782938764418	0.05931751714529749
0.00021361396774953023	0.00037529603467260095	0.00010983630944214335	0.0007708817227095539
4.676701601390914e-07	0.00013701751312633186	8.93062695774941e-06	0.0003241932046408306
1.1703995950233568e-05	0.00012232301563900236	1.004879932365083e-05	0.00032105830182281537
0.0019768122520032417	0.0017420107002633007	0.0009211141199534612	0.002568404747505287
9.880423377763706e-07	0.00011590489188272079	1.6953102923900713e-06	0.0003118649013710348
0.00020169599203447768	0.00035539109011670955	3.1859560782445905e-05	0.0007524336865213025
5.377176894175404e-06	9.837917328321663e-05	7.489376691219769e-06	0.0002274468650576362
0.04810380243650236	0.05077271701322073	0.04237926130632861	0.06088149774404337
0.00090020280884869	0.0009526109121215008	0.00045113366747402076	0.0014709298631508116
4.291291441461519e-06	4.574214059361485e-05	3.8451383030207796e-07	0.0001478637308878776
6.346567150434289e-07	0.00012018888590193617	3.248310763927301e-06	0.0003641572352825179
0.003672622600611015	0.003916125133957259	0.002641828455539719	0.005095472008998283
0.003985216623311097	0.004087828392825434	0.0028403540452253376	0.005598241720161279
0.0030398904594422685	0.004972727819155353	0.003546481588257654	0.006506283196015803
0.022062327868131754	0.023455773692078057	0.018529450977193974	0.0280476770282338
0.0007993083009826265	0.0008079184507535687	0.000351025242337931	0.0013479482267604282
0.00024789180861640645	0.0005370459051812262	0.00014934849160644245	0.0010084851637964713
2.1328299360248836e-06	8.301188777815367e-05	4.211675652824604e-06	0.0002147138058209343
0.0013372582393611368	0.0010209376028851704	0.0004345250373107739	0.00163898939107837
0.036020855028106986	0.0380032421790126	0.03030833713867425	0.04532774552146631
0.016068292017449567	0.01815133170756468	0.014712173135680308	0.02245696603006462
0.06160595222156455	0.061123085868965	0.04923456334482013	0.07219163710048679
0.006375704441145164	0.00694236138284456	0.005076733827561011	0.008850994694301147
0.00018336196881715827	0.0003779714464299371	9.064631763859961e-05	0.0007983446643976936
5.4263000430777876e-05	0.0002667931820555883	5.8689639425204374e-05	0.0005671828556160574
0.016192557668178814	0.013021754748310901	0.010078561025636415	0.016246614367599683
0.04734218025631036	0.05174812958131596	0.04093960196884791	0.0616563359424096
0.00034304096469357396	0.0006182915083947858	0.00026799688470198333	0.0010582325426337252
1.797402175497545e-05	0.00012059674841509624	3.044325157783829e-06	0.00033769952115560994
1.0292450393898462e-05	8.118909930400705e-05	6.1975835040515784e-06	0.00024724099999762233
0.012633525249122042	0.011615357775649598	0.009024660871586815	0.014089237221549361
2.5535240209338793e-06	0.00010817493031097482	2.2496961602834434e-06	0.00027316345426576263
0.0021511770586956597	0.0019756910339232443	0.0012055835031441538	0.0028306136929453427
1.786815501055883e-05	0.00026384453535086054	2.9302604141958863e-05	0.000550649720217091
0.005107287307007215	0.0049510725910139166	0.0037429060975309853	0.006445452473920202
0.003998555402168166	0.004193230282585845	0.0029039955255375817	0.005631206802988738
0.0013913877066977262	0.0012274123049086155	0.0006155008338311	0.0018897796427075231
0.0005020823908452339	0.0008831139702824494	0.00033186404357130766	0.001605987184650735
9.408600403910585e-05	0.00011460399325354922	2.2569548991351256e-06	0.0003483835602104846
0.008463128953808956	0.009179711513359798	0.007093642915829087	0.011280406451664225
0.001599414196639342	0.001286363923049695	0.0005742320179384331	0.0020788587043140024
4.9331619705379845e-05	0.0002539104540863158	3.971901481514363e-05	0.0005058251229658267
2.329171224344044e-07	0.0001247451152488283	4.621778239784071e-06	0.0004032068893923209
1.7325101419535934e-05	8.212526983287969e-05	8.886269049657092e-06	0.00020601183560759582
0.0020364965297067716	0.0020917200082881523	0.0011969023621366528	0.002896161993277826
7.438206544512726e-05	0.00020920346035357854	5.1761742552983126e-05	0.0005094232523991744
1.3571807999667399e-05	0.00011251268783591318	1.910770873638235e-06	0.0003883678677709897
0.0006349841936478878	0.0009738529388468418	0.0004041687141482656	0.0016676950371984735
8.004674054829657e-07	7.35954152715617e-05	3.263870107781825e-06	0.00021465752309402327
1.4398433930627674e-06	2.5112636494405633e-05	4.33493601623833e-07	0.00010147105589417075
0.002211766051065153	0.001973094908502019	0.001114766634541161	0.0028421909637872536
8.090699236421309e-07	0.0001407917189101337	1.1087382969864194e-05	0.00029784099590026656
1.8827260420286346e-05	0.00013463098487864915	7.290981485283061e-06	0.0003462110496904077
0.000395256310728676	0.00041812306570829146	5.0419880729229584e-05	0.0007906422339547346
5.932052193773915e-07	0.000135576324489607	2.053717566431467e-05	0.00040122811611032286
0.005158661157614326	0.0062264714393083665	0.0045242779211460285	0.008121360921519905
0.033047253279510934	0.03488173545329365	0.02841240364296023	0.04128153522422944
0.051024200971540784	0.050456478255988715	0.04198692196214127	0.06074451857638444
0.014347738349680906	0.015584950657101727	0.012734783922878993	0.019234832771276484
0.0005350682302089134	0.000841586503466932	0.000357359047878152	0.001429477831133695
0.027180484148066297	0.03300995930686119	0.025977286828964614	0.039045738538423
0.0018856743678506728	0.0015095052977028786	0.0008425586560978955	0.0024756786756690665
0.001697334407485706	0.0014417468708087956	0.0007502661990920946	0.002190404519040807
2.653276877678666e-07	0.000125754173274557	8.311632081703252e-06	0.0002914849789286379
4.6578418024398144e-05	0.00018332897837193343	5.567911509200561e-06	0.000428206854644025
6.045123685691193e-06	6.776790150267384e-05	2.5663891745739694e-06	0.000185926259707284
1.2010595791696527e-05	0.00019599368347373618	3.223527338482817e-05	0.0004100418166853531
4.6016715289147673e-07	0.00012314209476980859	1.3156409846270207e-05	0.00029919485517964863
0.0030102735138414563	0.0028577208802511643	0.0018867756986122126	0.0038838092110939837
0.00011517284093664455	5.72350430543341e-05	2.8605400945543864e-06	0.0001888092259711377
0.0008248471803948206	0.000895041980089568	0.00039058827609108666	0.0014960933168866556
0.000553655294429835	0.0011084850088742737	0.0004884830723392617	0.0016852996609913087
1.914171449960054e-05	0.00014710933544569802	1.3287146731138218e-05	0.00037617818206607447
5.117699204570839e-05	0.00017269888224588753	1.5565917432422974e-05	0.0003922104802264221
3.395286712336108e-05	9.16662012377547e-05	9.06908367286217e-06	0.00028045529458446493
7.918311382928805e-05	6.928875587855066e-05	7.760729330701601e-06	0.00017555398312364708
0.05394042279148213	0.040793142592318705	0.032650880293822106	0.04846315002786403
1.9771835695033107e-05	5.4243469503736774e-05	1.052793376367939e-06	0.00016397905144959672
1.829200727956381e-07	0.00010420157169053576	8.844769780619539e-06	0.00024727705356587
0.02431665346226583	0.023761524136653358	0.01928612307197133	0.028755412556312896
0.012940837295274678	0.013457877116406398	0.010793214975398303	0.016736490400677085
1.4925551342371126e-05	7.831118121961154e-05	2.202381394663103e-06	0.00027289171452013527
0.0005523545500599705	0.0009772992177458251	0.00041937962563795924	0.0016038785901669127
1.615038216451529e-05	9.072205222484885e-05	1.8342891019592848e-06	0.00041106806746667504
2.461991724757362e-06	0.00013029802978687115	7.122375760899851e-06	0.00037458333967718704
2.821202451746417e-06	0.00016070017158339645	1.6630874173942575e-05	0.0003621064559426559
3.5973019256648904e-05	9.246497570806865e-05	8.610039843051526e-07	0.00025189114393997443
4.0096458277491874e-07	0.00016198861440054138	2.0524490055967132e-05	0.0003705845049645974
0.0007225448800581404	0.0002879357669543677	5.200490685823301e-05	0.0005687864639842033
0.0028152712002625867	0.00387291292514059	0.002528054573199379	0.005085015434541239
0.027755787343266048	0.025234218165436008	0.019889562746562818	0.029512204036159277
2.055120792063698e-05	0.00018941038962887172	2.743158919689729e-05	0.0005574949874222691
7.330014486927645e-06	9.268841749649348e-05	1.5732623922881894e-06	0.0002624184165484702
1.9396029253023684e-05	0.00015090444659164416	5.592894076936092e-06	0.00041091026709304425
0.007164835720420388	0.006948918137713996	0.005106650812144439	0.008894132828102115
0.01857509504369769	0.02046682766943122	0.016496269938531434	0.024753130090541385
3.977224412757151e-05	8.581278343426047e-05	2.194276540930935e-06	0.00024584076623422005
1.602141432991839e-07	5.454069894776916e-05	1.873049270873103e-07	0.00024024548664977868
2.683970064079198e-07	7.098170451557948e-05	5.9338952885961984e-06	0.00016126767384970158
9.797721842465726e-07	8.873166581690095e-05	2.4003520454290094e-06	0.00023384342185974645
0.0003652013835158302	0.000872098782837681	0.0003784133492185414	0.0014015230951760942
6.196000420033992e-07	7.773444945171848e-05	1.7560522678027464e-06	0.00023850114035913424
7.352078389195066e-06	0.00011174202526723953	9.499992077121149e-06	0.0002824044371851112
3.3213729327480833e-07	0.00011680399044563585	4.961094274065e-06	0.00036617892645350613
0.0004927160369969897	0.00028030641767430326	1.787553766155616e-05	0.0005420995045862447
2.0899554879377692e-07	0.00015897368721040552	2.4160289546820838e-05	0.00038472133082498094
0.010216739372320352	0.013359863560033476	0.010367707976551871	0.016636359707303493
8.281624962343428e-06	9.437777474695468e-05	1.1630782013846342e-05	0.0002660057592228431
0.0029306829351442958	0.0035374887297281725	0.002311350022113739	0.004747467270597869
0.00023204582976172697	0.0005884230174108334	0.00018474746511225323	0.0010257100911257252
2.554844103829833e-07	6.686734188733705e-05	5.760178329003036e-06	0.00018388856398811099
0.00023889215428603546	0.00019222895187822795	9.111033986508703e-06	0.00042927222768862405
0.0008019119364685245	0.0009435576204755073	0.00045293855610292326	0.0016333407181616602
1.6780180226758347e-06	5.413221451886664e-05	4.770588946875812e-06	0.0001278404857878732
0.004837028867690842	0.005360702960291671	0.003836488933840408	0.006913707657473379
0.00043866710012356727	0.0004933692510049307	0.00012677879358387588	0.0009900481992419106
0.00021020198865673404	0.0001764761353404015	8.334766948216205e-06	0.00046508265312642536
0.0005477768407897527	0.00048132202145321085	0.00018703860932518373	0.0008214018482021439
0.001142768275799814	0.0010118100611250574	0.0004482159506010374	0.0016219087495744132
3.5201432337627074e-06	0.00011942866744468587	1.5200009500129426e-05	0.00023934731039445092
0.004277138600883204	0.005360718128925101	0.003681546011267324	0.0070900103816146165
0.010407046294833256	0.011223924486464708	0.008935026141914847	0.013950412759502224
0.001960655686586354	0.002168059739051739	0.0011970562318562473	0.003339162916604477
0.0012379099416085586	0.0011198161984122836	0.0005232374036345912	0.0017411611725722856
7.134326456751659e-05	0.00011074441433225046	4.303523613970223e-06	0.0002696302122509761
0.01046057236537144	0.011910365546096618	0.009344807295079752	0.014966443498978932
0.000865355218783584	0.0006228678790908325	0.0002282327096261822	0.0011208235684589919
1.1760834560431363e-05	0.00014378062625900143	9.74063173938111e-06	0.00033474514126665246
0.0001292219728008217	0.00042878710224195473	9.927446079715888e-05	0.0008007259231777771
2.605208873652224e-05	0.00012943081271074317	7.529720429193286e-06	0.0003650569488753093
2.3296165237578148e-07	0.00011984209813257494	7.242682657053938e-06	0.0003115258061043087
0.00027668818365067657	0.00034065351236546354	8.652624093679556e-05	0.0006737097092828689
0.00959964064164816	0.008006674134962406	0.00596738500410749	0.010095621393027162
0.03569223159623275	0.03555977993879653	0.02799448000904022	0.04165273970351427
0.001096285811157326	0.0013737710635109343	0.0007590648436986046	0.0020580310982491294
4.182423238906476e-07	0.0001276445438532449	1.0715422386029337e-05	0.0003380074441088617
3.180815032269415e-05	9.922216584135789e-05	9.948353657916261e-06	0.0002960235185488194
2.681748168385458e-07	0.00012977936719141443	8.498353774830722e-06	0.00031226214232288395
1.491582262283039e-06	5.620947292442903e-05	5.147526211328058e-06	0.0001443242053227045
0.00023853692744420265	0.00019727855845748206	3.2781286347771785e-05	0.0004499266980034077
1.4667230312686237e-06	0.00012774451961203878	1.254323727285025e-05	0.00034453560778386624
0.00024230565112931296	0.00024547336301632816	2.4890129143968743e-05	0.0006426765381105322
0.00012246350355741837	0.00025584254825598883	7.915485041942848e-05	0.0005257395961023245
0.012222099223671347	0.01268972145958487	0.009687376442853717	0.015643352005854063
0.0017800768160548327	0.001437672946309325	0.0006744558529004312	0.0022372060054763913
0.01917535055443594	0.01968136897815671	0.015855197703534326	0.024046918366804632
5.705703326659539e-06	0.0001704065826654519	3.425440283554734e-05	0.00041924018081319556
4.348003927147108e-06	5.661945238308702e-05	3.0782437520508062e-06	0.0001716427509600908
0.0013618866851942749	0.0014925165851253088	0.0006352990816790315	0.0023464878405459826
0.018678837646378444	0.01882651058373532	0.015011737322497417	0.023136071173301322
0.05419905407218937	0.06504114007715221	0.05285053202398865	0.07797916683167808
0.0006352509348062107	0.0006394020604849557	0.00018056209425312548	0.0010769950622491785
1.125800436903549e-05	0.00014198406414739226	1.0677035343350182e-05	0.00031662118231542356
0.00040744408131807085	0.00019714927563889155	1.9560399255919913e-05	0.0004094530802906357
0.006668053879568882	0.008842001146323733	0.0068021042742757686	0.011107140398262345
0.0005370370585527466	0.0011455220942855088	0.0005418697642665818	0.001764262300946705
7.189282769194321e-07	0.00012113472500821744	4.913074165806893e-06	0.0002920937294679512
6.351216521228409e-06	0.0001668295461909868	2.4663845055803776e-05	0.00039823992358182044
0.05638991152955012	0.05361391977996369	0.043281529339389814	0.0642500496690005
4.216132766220467e-05	0.0001310476239499047	5.8713512090747775e-06	0.0003407898548253804
0.0002674933201508366	0.00029069874629407476	3.615966362196042e-05	0.0006107474775566616
0.00014540585119716235	0.00010141706960596839	7.998775932355667e-06	0.00024103785355730902
2.0222926892562026e-06	8.994304972039604e-05	1.3286921416623201e-06	0.0003102504671760512
1.3362391647474685e-06	0.00010938457271476695	2.5325203999206727e-05	0.00022457536646972232
0.0001034411979116763	9.376882081261414e-05	1.4453757594010826e-05	0.00024685608249177653
0.05897602912748678	0.066402004724491	0.0543478885140851	0.08019148640499354
2.581768436276198e-05	0.00014626437393229128	1.63039500933063e-05	0.0003929086935566692
0.0016396693909800776	0.0025870611678495002	0.0015637418688781934	0.0033993050548216954
1.525184511473629e-06	8.64084050500651e-05	7.067409776640301e-06	0.00019412199117067712
3.8961280187347954e-07	0.0001687707219853838	2.3925299143035693e-05	0.0004122083207785633
1.2031934177908015e-06	0.00011090793833622682	4.026708587599831e-06	0.00028516936290488555
1.266201538583857e-06	0.00012559721713424068	1.3745341133772871e-05	0.0003664079902666039
6.1692811380119876e-06	0.00010287446871176808	1.3338433113713135e-06	0.00029251693711599487
0.00016439817201148276	0.0002386192500574445	5.21430352108805e-05	0.00043482312144774805
0.003535106612626812	0.0026102593981783932	0.0014789487513426746	0.0036256948295604473
0.014183295742546308	0.017692991513472436	0.013989102535691475	0.021165670103699224
0.0006068868410216709	0.0004081866328180717	6.370822640107343e-05	0.0008130132104227834
0.009896838312315479	0.009226276467734737	0.006994667910463481	0.01163737248462673
0.0003638688003698705	0.0006112437313626272	0.00018575345910974307	0.001046789308376273
0.0012622571441749115	0.0016052156801522697	0.0008330609301092106	0.002354387546099302
0.00016540490135143082	0.0001975314619285737	9.75164365670935e-06	0.0004755452693534815
0.01591619374656878	0.017127746177988803	0.013471179176992466	0.020644398316262517
3.0676747721959265e-07	0.00010190461058914913	1.268435584172063e-06	0.0002751232818676752
0.004021865439432849	0.0035455815758855384	0.0024198515656913755	0.004701081082309908
1.023763105737769e-06	9.333681584673785e-05	3.7244911909220048e-06	0.00026719430131689277
3.334601551880114e-07	6.667007370042725e-05	7.005901103752858e-07	0.0002486500904868594
3.3474364026377836e-07	9.18015641407391e-05	1.0036153867135792e-05	0.0002573990368755245
3.0559505870911296e-07	7.706462445863151e-05	2.8546200679318745e-06	0.0002078706361701679
0.00012565255929461694	0.0001622066414250201	1.4769655448986274e-05	0.0004127680566826499
2.9779030873112624e-05	0.00012802245141723797	1.8484238270256127e-05	0.0002995710047249025
0.06666331207601481	0.07217610772086074	0.060036949769709386	0.08820684825904881
6.367885267699309e-07	0.00018612104304692974	1.8228450602637735e-05	0.00046388149288604033
1.0881387413269223e-05	6.808107112657136e-05	4.7915081614417066e-06	0.0003423581515140765
0.06510822168115782	0.06427228125149347	0.05259218743270742	0.0781209837689096
2.8316678010353313e-05	9.033268583632068e-05	3.1256102678874354e-06	0.00024409177661743268
0.014744621094771322	0.014995125100138774	0.011915182305819672	0.01883845720734716
0.0002503834355907837	0.00034800962782317765	3.51030329010916e-05	0.0006904798942228971
0.03651268092837436	0.04026018546411552	0.03261116107530394	0.04836753195610459
0.01514225669605425	0.012200235117352323	0.00961523187195574	0.015135141195693005
0.003823556927332917	0.004193420967210657	0.0028444946713443555	0.005547374856937067
2.3526495760638185e-07	0.00012261459192980669	2.196125971944518e-05	0.00029815305077473127
0.04123562707113585	0.03583773553456131	0.029325421789905232	0.04339173332428449
0.00013174373246567072	0.00018130761292960187	1.577005638399087e-05	0.0004482332944109484
2.306514357522464e-06	6.338156340702516e-05	7.734403727027754e-07	0.0002464801753869212
0.013250281908363496	0.013098463915275832	0.01012740617751158	0.016055490103069302
2.851824273749847e-06	0.00016564198169099193	1.2300518226994374e-05	0.00043662475623780663
9.408127986338317e-07	7.537493752758561e-05	3.258923012366844e-06	0.0002921043211237444
0.0018966972759235352	0.001782469476388698	0.0010789627384958397	0.002548540297758906
0.047665139959295034	0.05274073545936351	0.043193699781248665	0.06279092727494835
0.00016180828248352487	0.0002647401685249732	1.125348064007869e-05	0.0005785072398824412
4.9903803190589857e-05	0.00011464715860047904	2.1348655920485725e-05	0.00023244972620445705
2.0745786253491261e-07	4.25298150891987e-05	1.489076254891154e-06	0.0001994809010206061
0.00040382992842188925	0.0001885830435754695	3.653651876773287e-05	0.0004303368070563977
0.0424172316321331	0.04009868215178824	0.03286973684903914	0.04758557418373622
0.043983288271024	0.04917519450336341	0.03981474127120243	0.05914748901115528
0.027019580499485968	0.027334219476504704	0.021963726861708242	0.03270367920435431
1.7090684895592431e-06	4.9577410913903425e-05	6.908671774092396e-07	0.00021459235644582047
0.0005032924405938273	0.000481823973014667	0.0001538826623395079	0.0008319646076103205
3.302094576643317e-05	0.0002047288600053187	1.425355904525806e-05	0.0004925788675039903
1.7285019754568327e-05	0.00011830984957522784	4.925560254101181e-06	0.00039839840378622326
2.503624331113424e-07	0.00015067801649764362	6.826447054406191e-06	0.00043088635540018916
0.012108139607041135	0.013849840959438808	0.011053349734593085	0.017058467098182286
0.000961037942995461	0.001025158037702614	0.0003788917621277463	0.0016237463076416384
4.843257234627205e-07	8.700806342664124e-05	6.160867690402693e-06	0.0002195853657552068
0.015455539655648129	0.013916188517792145	0.010912312318329884	0.01682724287034031
0.003984521813143788	0.0049135138223516655	0.003559031225151244	0.006313047434722612
9.547710984949568e-06	0.00011304079841052394	3.5215087370641577e-07	0.0003349993756185387
0.006343554494189757	0.00683762447184081	0.005207314840267886	0.008908475702934978
0.00011263548551417564	0.00039300736643217953	8.427460185739258e-05	0.0007764476277862704
2.0500244862672967e-07	0.00012472486567313473	2.6124003381054943e-05	0.00025616608630768837
4.311307636786581e-05	0.0001206711933449781	4.92269199536978e-06	0.0002963575434655326
5.089424953639159e-05	7.461600844176422e-05	9.612273292453589e-06	0.00019662159765835798
3.449512550834683e-06	0.00014032735239826775	1.3749559706462623e-05	0.0003594976448476336
0.007405445920960448	0.008703167961796763	0.00647522679447841	0.010826161410078949
0.002443381998184335	0.003337384345287422	0.00211880547863644	0.004598995094710173
0.0003135398541860932	0.00023958324628875266	3.867563144840872e-05	0.0005184361938960094
9.30968295561284e-05	0.00020664259052752092	1.9414288814894696e-05	0.00046410220921578693
8.667287943071782e-05	7.734162183261054e-05	5.129464867223461e-06	0.00019996559093736117
4.955059427196431e-06	0.00014164143157400762	1.127415802739528e-05	0.0003109994847154051
0.0003987431473091689	0.0006048857867330846	0.00018374716847324718	0.0011224024137816838
0.0027381099416986603	0.0028675725936505797	0.0017965358834839034	0.0040760627726298335
5.208364652472237e-06	8.890717625753872e-05	6.051921898179099e-06	0.00025988866937015837
0.00013638267937506832	0.0003145291353474598	9.526971815095965e-05	0.0006279462096095774
5.575706565784351e-07	0.00015358638229636643	1.0438555163384926e-05	0.00039715216641684093
0.0016316791727870783	0.0018395656701784998	0.0009975069713421534	0.0026396531561271286
0.014880045474977358	0.01593128616810743	0.012445749753868824	0.01904449506187144
0.00024370503108403916	0.00045566508809846224	0.0001127343636176766	0.0008504842870930092
0.06234087669258283	0.0657192920803715	0.05254553071620024	0.0768629121369797
1.582326727020019e-06	0.00011538327145049133	3.5079668805659576e-06	0.00032136151642406794
1.8242981651262502e-07	0.00010238747214736762	1.2434136545096812e-05	0.0002817488919392715
5.8460832060550105e-05	0.00010267685938612036	9.19427210670832e-06	0.00031816836392583404
0.02763031648275054	0.027485169550199442	0.022516246968281327	0.03406472001388185
0.009087446643180995	0.01076113360622949	0.00821989496159687	0.013410337714011364
7.225498480960201e-05	0.00020514370536626325	2.1773207938445393e-05	0.0004854522825161089
0.018919306098906047	0.018533706990255812	0.014854541245235905	0.022540659631169177
2.920863026126824e-06	0.00011938641992527703	4.468423180726045e-06	0.0002598938639995971
8.050354895352871e-06	8.696991210808291e-05	9.609726623376718e-06	0.00022634498021909666
0.0016606594657147314	0.0015540142794618912	0.0008813722819525895	0.002217918880180809
0.001868666813821629	0.0014578724111280186	0.0007509387071735662	0.002122748550457846
1.9841765794554145e-07	0.00012171667021931487	7.48964295434577e-06	0.00028755793613187034
6.3458991212665445e-06	0.00010291417094924674	9.842542969281822e-06	0.0003060656462814106
0.0002900902314450206	0.0002484124498456109	4.299216344293442e-05	0.0004849662580794909
0.02728649745947792	0.031513457188545965	0.025771633453786885	0.03715551706434604
1.265038616474115e-05	0.00011587393169043407	3.1769611738090787e-05	0.0002453317927301568
7.393571591473514e-07	0.00013119390224072366	4.860754889900344e-06	0.000322428353663412
0.000126120595105976	0.00027264134807489097	5.5271021815193505e-05	0.0005568807606859526
0.001353149048948532	0.001671280382786899	0.0008583383805264269	0.0024337554289017038
7.494751298083913e-06	6.425872464196893e-05	2.7970793820891534e-06	0.00019506188740953654
0.011123449052843007	0.010933518604082265	0.00865299686203896	0.013475260263302898
0.019734506973861764	0.019610122763077442	0.015120126924764542	0.023529613233814948
0.0033279438631715875	0.0022657225384689963	0.0013695332102865163	0.0031784568712416037
4.6133206038069e-06	0.00012497114999085964	1.0929612261425419e-05	0.00034749503091471563
0.03014052808654666	0.027523602942486295	0.02194680680423226	0.033229998054916415
0.030213673246682008	0.03059139445936783	0.024873768415814124	0.03626157834005811
0.002452284399942559	0.002368774513025194	0.0014214648165769657	0.003308845788724828
0.021037168278438198	0.021077391859868323	0.017176355019066378	0.025585123838555917
3.3788641065155567e-06	4.235312871821469e-05	4.734085755439753e-07	0.00014671292260157114
9.566705606284874e-05	0.0002596776959380474	4.371485005773668e-05	0.0005811603123703505
0.0056860624396738	0.006631611162612981	0.004881292142919451	0.008481597262003794
0.037145610942577414	0.03717651294304267	0.03084805746219169	0.045023819840948956
0.0006076100076240102	0.001064383013622478	0.0005148054133134625	0.0016620431343199746
0.021068494267252953	0.02307889312153574	0.01875841806344013	0.028588699510068868
0.0012345681663749443	0.0015305264963209185	0.000856304374298447	0.0022265125888902893
2.718227407846323e-07	0.0001273607974722676	1.3378897610575662e-05	0.0003449958255684807
0.007733456911291212	0.00988367624945207	0.007723703251830767	0.01223804329087115
1.8900335889349268e-05	0.000132902049974909	3.3779507417918814e-06	0.00037625807860623624
0.029407298619750423	0.02862527766641005	0.02351959462478908	0.034294998119060206
8.196761016853207e-05	8.269989818748483e-05	4.354666252818107e-06	0.0002307509976666726
7.914465442913422e-07	0.00012157402399159834	1.369831745755141e-05	0.00031091148485316004
0.04222928704272456	0.04008361068216504	0.03258103737702608	0.048284722116431616
1.9421448876321651e-07	0.0001670334170227239	2.5164775286798623e-06	0.0005006088492749248
0.0010088443869334955	0.0014498727279602976	0.0007960445010740102	0.002252245330193458
9.627963608933975e-07	0.00014238550921389677	1.1295446089073296e-05	0.0003446986898940614
1.1676717225359243e-06	8.025810858856388e-05	3.757139603203624e-06	0.00019384509054529335
0.0007106348501217972	0.0009293589527749606	0.0003178171868746905	0.0014553103653844027
0.05278493994836774	0.05413733689687975	0.04388593845199953	0.06524998710429786
0.0012780864941427234	0.0017837110506584294	0.0009325777250026612	0.0026403929462499665
0.0030545146144948447	0.0029522088922243547	0.0019666541492923107	0.004019932073670925
3.870616717199301e-05	0.00020541156668319615	5.820301582360012e-06	0.00047927097864954005
9.436742747202409e-07	0.00012470324223641012	9.403047822847156e-06	0.0003501647876418318
2.5718817067207833e-06	0.000106617458212907	1.8922376413367845e-06	0.0002891410593490422
0.0031644719446329945	0.0030908197913513897	0.0020499189779113027	0.004271831751407167
3.16219430944734e-07	1.900287921625928e-05	1.0915401618336987e-07	8.018849526823521e-05
8.984040870982965e-05	0.0001854158509336951	2.353798541860913e-05	0.0004341601896676073
1.6228702364289421e-06	0.00010514782728719151	1.1233984348016572e-05	0.0002641806244036894
0.00055805649168661	0.0008685607379491825	0.0003717000042920651	0.0013922168878355522
0.00019851142168527644	0.0005115539136889013	0.00014531986371271537	0.0009300949189237484
0.00024378974582683305	0.000363744266118315	0.00011187796603928683	0.0006591143821217447
0.006346121346524547	0.0056096838220033125	0.0041315679415915045	0.007331105203779616
0.03034912881446704	0.030188245056759398	0.023827151223907918	0.0363383872641372
1.9014097056676655e-06	8.582346493464395e-05	2.3527262835685964e-06	0.00033867560360705245
0.001614988287927452	0.001507402957393981	0.0008251660947777673	0.0021205106856925023
0.0013310873006079772	0.0009582590915330688	0.00033231782305445326	0.0016586663462255825
4.440977076718143e-06	0.0001299510800539692	1.8216546364885795e-05	0.00037449278421470156
0.022468016757645305	0.02213686496725376	0.018065319363012613	0.026678014514208377
0.0001553829843771294	0.0003992827370958237	0.00011121851518854115	0.0007172835368290946
0.00021659878814910184	0.0003923821576310441	7.48300665201954e-05	0.0007595645295214556
1.0249493498114321e-05	7.20699213286258e-05	1.5450697818374837e-06	0.0002926621529480814
1.25904500166843e-05	0.00013395820813814997	1.888118568965554e-06	0.0003088805212693689
1.159806613637157e-05	0.00017275976096096127	5.976112838958628e-05	0.0003180604007731869
0.05087839267836528	0.04891387634107333	0.04029569397618717	0.05852232997518751
2.173593516460929e-06	0.0001351841666702973	1.4591537014258956e-05	0.0003243784779542701
0.0008913620537017316	0.0007200584201949039	0.0002963704495508064	0.0012108864776977258
0.00026940802978779214	0.00032002645578874144	0.00010372244453092209	0.0006525805576944203
3.0561114012743653e-07	6.050139335780694e-05	6.641933461798668e-07	0.00017994051933791917
0.00017800901805226319	7.185792549945428e-05	9.003949909459002e-06	0.00016416778709578688
2.3112495382309604e-06	0.00013093088810943215	7.189163433326833e-06	0.0003092430373464433
5.076012751973824e-07	0.00010712646653310154	4.845406643255887e-06	0.00023767871226780304
0.012379235018496483	0.014219033293779356	0.011155147432584545	0.017233622244465296
2.2210288501918749e-07	8.665250781528877e-05	3.5769984845209556e-06	0.00021088705067776902
0.044576639648038124	0.04120002022292342	0.033129343179444444	0.048922167036592266
1.089771465134279e-05	0.0001318722028839398	8.505933943029325e-06	0.00035219571004977914
3.1890784221042625e-05	9.576742560275952e-05	1.0909750619352375e-06	0.0002464218509012411
9.035542943704122e-07	8.780244061887576e-05	1.2750109317944613e-05	0.00024408718428029172
8.094574596120468e-07	4.6926404021794696e-05	1.411067101516929e-06	0.0002433850518476387
3.346131866136826e-05	6.898189371492234e-05	2.048047568464528e-06	0.00018806475014122878
0.00046852460940352266	0.0009525305137363508	0.0003461651710500303	0.0015910224938729825
8.659474451020797e-07	9.935436240691906e-05	1.8947636014734074e-05	0.0002521421359927779
0.048095117230638126	0.05802128606170483	0.046311529136746986	0.06826908343426535
1.6217111647302988e-06	0.00013882869905774726	1.006686535951857e-05	0.00038165835133516067
0.0029908423054774438	0.0025506628877286133	0.0015699672302429452	0.0037112670144692403
8.102564406613748e-05	0.00025318024793463705	2.8445540186040097e-05	0.0006431648314362124
0.003306241319890492	0.0027197222512182944	0.0016241956582095031	0.0037462183050094027
7.920330872665001e-06	0.00014300113053310377	5.295709917011414e-06	0.00036897162235557284
1.896074911611616e-07	0.00013946762671072268	1.8324931786005104e-05	0.000326759656378577
6.349675193466166e-05	0.00021808613451721598	7.116016697360108e-06	0.0005588973960322325
0.0014276181331099446	0.0013677291364172972	0.0006857035164788059	0.002147582913080989
3.6678172839330813e-07	6.548935749677277e-05	4.079911629043768e-06	0.00017723267951183478
0.0009146156792125374	0.001252951505014352	0.0005080407632620832	0.0019643387754930282
1.3760080061153837e-05	0.0001377033908773924	1.898028899447085e-05	0.00033461934973984427
0.000335603271391073	0.0008005629618807162	0.00022877256385358323	0.0014057947014915106
3.039051294670103e-06	0.00011507584908268164	7.44328802877748e-06	0.00026830980056841115
5.0085443319087244e-06	9.077988648678392e-05	2.57505893208916e-06	0.00036783109788782057
0.028018321371122146	0.03485960537488271	0.02766343587607022	0.04069520535917752
0.007021826540905605	0.0068770132612555645	0.005139928165388319	0.008871318695933803
1.0273539338157916e-06	0.00013881172377761027	3.297154176995971e-06	0.0004287863571370086
0.0006874763855454848	0.0005009555023550098	0.00017223840380985796	0.0008396879028161109
0.014862794137995987	0.014483865908681377	0.01129957274712536	0.0175354172628877
0.002337851760857933	0.002649146386190567	0.0017654582509049473	0.00370380368064464
0.00012520466173033455	0.00019256002560624855	2.6922999237150594e-05	0.000415159744573763
9.001340311849481e-07	7.353813961361459e-05	6.4620046830768795e-06	0.00017357851752645113
2.612468311992826e-07	0.0001529780083107458	1.0624108939322205e-05	0.00040057069375089966
0.007807534318616805	0.008291569800083397	0.006245509101820008	0.0105710785047749
7.109049413108561e-07	0.00011565617581553918	5.969672937582971e-06	0.0002968522601161885
0.00013780359638655202	0.00016671265164667836	1.870377532039936e-05	0.00042989972803094756
0.012904361380838865	0.013677754253413565	0.010871210576667675	0.016652781339196458
2.572924727184717e-07	6.0419686162968816e-05	1.1530146860553743e-06	0.00020033494145308583
0.0012386430850243033	0.0013451797873181824	0.0006593348660766642	0.002056068874823691
7.506239404583202e-05	0.00012388488388456433	2.9340719544611558e-06	0.0003372997967311915
1.3993205715279131e-06	0.00010084517401203289	9.742409422288066e-06	0.000270435110636162
3.5338262640073717e-07	0.00015187773810771134	1.3041983756264009e-05	0.00039016418413786503
2.3653801116758693e-07	0.00014193177553326356	1.1115340217935998e-05	0.000344290180011855
3.6149269667359646e-06	7.277385399590454e-05	4.7679363831291227e-07	0.00022842396564232945
6.718927397938556e-07	0.00011513134997353134	8.562559912190819e-06	0.00030849275813046005
2.9776634980392432e-05	6.536277944265965e-05	6.3544384758401885e-06	0.00017578946944165662
2.6877232315987593e-07	6.088025421136827e-05	3.630935836921974e-06	0.00017201004220494362
0.025832580077635312	0.026557468807707624	0.021129343055851818	0.03195209609974333
0.02891777472905747	0.026630718339825526	0.021652976230941274	0.03245440040409995
0.005726666954218195	0.0060995768675844875	0.004547869976588662	0.00784837161842238
1.7922407375924301e-06	4.69448563473247e-05	4.499521914485324e-06	0.00012961056410938903
0.00031697171287111737	0.00028207537472644715	4.0274006874739514e-05	0.0005677299560033332
0.01915526543201929	0.020878189102293537	0.017105482448271633	0.024958469161322622
0.043841331612668656	0.04409842457841784	0.03613298471424679	0.05327003094424016
3.739800894331302e-07	9.047004828796424e-05	9.748848308272564e-06	0.00021895450179785933
9.582658177026985e-06	9.456151677696437e-05	1.1437302417216748e-05	0.00021809040720831117
0.001312623595028799	0.0014104125369731673	0.0007548676424349741	0.0021315922425158766
0.000629938251741751	0.0006692879449629964	0.0002934708768008924	0.00112261026946514
0.000570487942148994	0.0006886056439422702	0.0002507285469234908	0.00113776224667012
0.007263211232941365	0.0077964520121245745	0.005652482049126296	0.009755638224657812
0.0016205788016524086	0.001426815219394001	0.0007338685563487132	0.0022199783272028465
1.208627906155468e-05	0.0001518342464688007	2.653234841114265e-05	0.0003117403040672387
1.371114406779625e-06	0.00016237477651151542	1.3066406712202687e-05	0.00042647768618102544
0.0031640427698948095	0.002495242158847142	0.0014675020849800526	0.0036240274315975105
1.6465162597750794e-05	0.00010536657724094915	9.955454292450382e-06	0.00026345411909956635
4.876869476197328e-07	5.5508595854315166e-05	5.216053924007118e-06	0.00014846765506732864
0.0020062337945878747	0.0026127750667728094	0.0015412453661398482	0.0037298270287771055
0.014313846677732464	0.013423504451585003	0.010603288678936312	0.01661449695559819
2.659662567987683e-07	0.00011195636420088269	8.845622253734487e-06	0.00030337337424256577
1.5048153919360944e-06	8.89512068555476e-05	1.0893518951438756e-05	0.00023735768577797696
3.6222886345022666e-05	0.00017585557392027634	1.7976864856792975e-05	0.00039157042878507883
1.291730435623613e-05	0.0001715261966521162	1.3408975012145534e-05	0.00038045710547037853
2.7833776347221407e-07	9.176598518226552e-05	1.708766748702625e-05	0.00023409310077680001
6.735025855980328e-07	0.00010189038730921587	8.941739289414693e-07	0.00034058257351802043
4.571628000593909e-05	5.3698192056633516e-05	5.3754487412576625e-08	0.000350367027273376
3.915229174187457e-07	6.106473562168435e-05	2.46442025524471e-06	0.000177821116386164
0.006175594614057441	0.00537267238247134	0.003815835004588795	0.006942707053352507
0.011792996803557701	0.011943186702265263	0.009060078325738278	0.014748276541424852
8.531582092934847e-07	6.987284718438749e-05	3.7987693969137375e-07	0.00021713055945074203
1.9092700221868576e-06	0.00014702131689234415	1.41957194297398e-05	0.00034522759184834776
4.539202759416476e-05	0.00026100763137896154	4.248887837905077e-05	0.000518482209815728
0.04592708526653864	0.04773042186950698	0.03929713569205675	0.05662568983872586
0.003563755939945373	0.003559468091377769	0.0023651448575103223	0.004834132121399861
8.604560531799871e-07	8.573626657935986e-05	5.28617162443561e-06	0.00026275340538671656
0.026039286715685426	0.01843363828027785	0.014687978647697185	0.02234547968366625
0.0071738770744978735	0.007395736440510972	0.005494699742244161	0.00938610521671481
2.5399096148084955e-05	0.0003516653352131029	0.00012579999510751503	0.0006585142316904427
9.644298075812635e-07	8.158269151752463e-05	5.713281069679914e-06	0.0002087737873140787
3.062502628341775e-07	0.00012415388510372165	1.461526268418755e-05	0.0002850590594378493
5.185095574237908e-07	0.0001433829363687527	1.0485526905373383e-05	0.00038424197299899714
0.01546029005553698	0.015980896180247523	0.012744540657475831	0.019356770361836265
1.3792538449846169e-06	9.424313745587958e-05	2.4450555979739404e-06	0.000243264710576281
1.724591839821176e-05	9.191246042330123e-05	1.586551363511954e-07	0.0003746787885679152
0.0007555442587096082	0.0008214250502811813	0.0003590520665626216	0.001341530787674892
0.0003977660090112669	0.0009088527288387159	0.00042690115848798563	0.0014971787649862634
2.615512247160024e-05	0.00011666209360226868	1.0436407590848879e-05	0.0003551782441846815
2.0077241942947957e-05	0.00015838865653393673	2.8055908685208457e-05	0.0003600303220464494
3.529285562241735e-07	0.00010825109956739158	3.562848886670898e-06	0.00026698190737836847
4.063543359507716e-05	0.0002601659909175837	3.909227156446542e-05	0.0007081069164011925
0.0017656733547816092	0.0025410989887729753	0.0014155312106587314	0.0035102465929862624
0.003304184311534728	0.00289908838015144	0.0017880507421028867	0.004097078489294594
1.9379319639167867e-06	7.307612101448983e-05	7.418475237620251e-06	0.0002136208638983084
0.011306916180206034	0.010866461506477193	0.008262044576024016	0.01329832482294473
2.260329031081751e-07	3.141922570049843e-05	3.791331964155291e-07	0.00011870447500808253
0.018814997099050566	0.018348564209545917	0.014717021873278257	0.02257124187142399
3.349242140196422e-06	0.00013066019798946082	1.3470637808828653e-05	0.0003122488469584903
8.255538215462172e-07	8.088296178661452e-05	2.0006636293997803e-06	0.00032107613069478144
9.618738365532251e-06	0.00015233903572158116	1.563685136589813e-05	0.0004171942839294365
0.009415828404191667	0.010100934412143615	0.007693132999266171	0.012597032648307126
0.007605210316685916	0.007951783628014472	0.006062834913382176	0.009928847522002397
1.379086772347537e-05	8.056788880901492e-05	3.5746491886445503e-06	0.00019252063621316752
3.501410275522847e-06	8.688981129651039e-05	7.0757586986632446e-06	0.00023819117816071314
0.00016245114513614147	0.00014634853006255293	2.0685143506903693e-05	0.00033412284705174635
5.268343850882471e-06	7.667599269981591e-05	1.8512283687582753e-06	0.00023711100522296857
2.434068730911294e-07	4.752045455814263e-05	4.852756454451212e-06	0.0001493736389060164
0.0005309452463301489	0.0008543624340011885	0.00036660692957194373	0.0015158579572943733
0.00013271285184805545	0.00045601848389905894	0.00013650708616957862	0.0008163797224825157
2.6836417589127385e-07	0.00010896807079802221	2.2668879399647e-06	0.0002751788384979266
0.002881277919339956	0.0023252952102410735	0.0013270713963764956	0.0032697023815393446
0.05757439140571645	0.05222810701640801	0.04187412658395324	0.06177746920874143
0.005093946156766567	0.004792540541318958	0.0034302124951605694	0.006376926621500959
1.3495288032466786e-05	0.00016365338883550835	2.5696528252962758e-05	0.000354224753990248
1.207233624019638e-05	0.00010601667515266977	1.2041580549715803e-05	0.00024996268582917335
1.489162746210597e-05	6.195396807169448e-05	9.924232774143144e-07	0.000196367927083581
4.8719028363654143e-05	6.740510820858068e-05	2.1229109394966726e-06	0.00017976245212960383
0.0002863779711560232	0.000398517097477807	8.809456394641225e-05	0.000832312361404645
0.000469237272571799	0.0009188970859172336	0.0003930809252028844	0.0014764107237847744
1.549376790185048e-06	9.897563255778e-05	1.1283569174284695e-05	0.0002613453480679822
0.011620815030370267	0.012990069615601231	0.010131212734686663	0.015909839611296262
0.0015619693830370201	0.0028592914872174785	0.001933404496916713	0.0039634461605573
1.424358566551255e-06	7.531904461469318e-05	1.2922466288945306e-05	0.0001722771604261508
0.010220447255587928	0.010612478534582599	0.008243219616134171	0.013223388114386527
2.014785749323812e-07	0.00014266537752498075	2.0604597294324556e-06	0.0004202222572112055
0.0006416353513428917	0.0005496185502678842	0.00020502645137469722	0.0009820379891931064
1.2790170651877247e-06	0.00011143422116037814	2.4971357594627807e-06	0.0002925046091022738
4.398209360142667e-06	8.104512468478677e-05	3.74188576403149e-07	0.00026695507251831084
1.3256784878003483e-05	0.0001435362678037151	5.7286571232207456e-06	0.0003625307402698669
1.6864741713029687e-07	0.00012909237056633587	8.013587610330154e-06	0.00030638615572755977
4.6019464306343496e-05	0.0002718643383389196	3.71931920837915e-05	0.0006350179042575756
0.004814044233084141	0.00517864035258305	0.003644108319999157	0.006608799768060988
0.0009970598178818111	0.0010637672439659772	0.0005685410614955722	0.001684675035422967
0.00018312646326393343	0.00029966229142380796	2.458384924577294e-05	0.0006966210452438396
0.00023492876188670823	0.00036758602416177413	7.600991584501477e-05	0.0007223694370021704
1.8670086486006006e-07	0.00016956494720705281	3.7013164559822115e-05	0.00037170573247757713
0.00041979366867544586	0.0007564334645439324	0.0002883302459581265	0.0012185579650890856
0.057736395732409934	0.05380962590155621	0.043211531756841025	0.06455487877987226
2.850180224315323e-06	7.962932055584381e-05	8.384051146363309e-07	0.00029346794633060204
0.0003165587419702796	0.0008039794360313029	0.00029368905086616954	0.0013707795581090825
0.007882442568091463	0.0073150814265789494	0.005495149086974917	0.00930300677286486
0.004538341751424632	0.004304762953933884	0.00296047054339564	0.005705813629039739
1.11447596437865e-05	9.17691682369609e-05	1.2204391731440358e-05	0.0002721297738331798
1.6020101084644103e-05	7.579002700372854e-05	3.6649785721155245e-06	0.0002712515411071106
0.03991696426978391	0.05460134283765108	0.0446680202735225	0.06527765793507029
2.8386894093662342e-06	5.553235354396292e-05	2.2393701874787074e-07	0.0002334403768813289
2.421349823419179e-06	9.139593588147547e-05	6.872313399150992e-06	0.0002716667884361517
1.1466922969528798e-06	0.0001587723436366045	1.7423353267389915e-05	0.0003965873493881108
9.68262405650867e-05	0.00035430715465454996	2.569040707591914e-05	0.000735528307093921
4.617100551045865e-06	0.00010247220644541178	3.2263728029698044e-06	0.00029459458547697264
0.00021029214744548562	0.0005834019437171529	0.00012744087122989068	0.0010331096798741105
4.0099466208957285e-07	6.0352428555974786e-05	1.7471102762533192e-06	0.00020968493299808346
2.1122198434213172e-05	5.693548299976115e-05	7.94528638208131e-07	0.00016824904137619022
6.164658986799635e-05	0.00010836908045875966	6.020247492204636e-06	0.0002722732182641674
0.003786777489238194	0.0034238379663238273	0.0023306255982007617	0.004556699428351859
0.0017822826185404433	0.000863795213682381	0.0003770654768682148	0.001468461079790663
3.1250416314298325e-06	0.00010235166495441383	5.70661093656171e-06	0.00029839725898958276
2.1411021981767397e-07	0.00017378723935961696	2.2062406241387165e-05	0.00037702043242150056
4.387636150528029e-06	0.0001980979499109079	2.001954955374148e-05	0.00047088935694912835
3.1823869045430016e-05	0.00010800519971480442	8.250382996413127e-06	0.00033173649657613027
1.736530434645369e-07	6.211597910584109e-05	6.79901935058293e-06	0.00019264178516521788
7.06049189275131e-05	5.5618238564941146e-05	7.993674610778301e-07	0.0002102481653523842
0.009873740686885797	0.008936289463590045	0.006660097106086284	0.01107237218482266
0.024722601889225735	0.024110093605394147	0.01904828885227975	0.028926188292206237
3.1344462176084274e-06	0.00012766353957467094	3.7237015360312645e-06	0.0003574449358906353
0.05955324926862887	0.05867208614401933	0.04787686575251848	0.0698937090482481
1.6832778972124956e-07	0.00012414392717915632	4.051436587671748e-06	0.00035910427768831246
1.2050319916318022e-05	7.85187849809248e-05	1.4175962626403033e-06	0.00021284893874792113
0.004351587311691495	0.004474102532437529	0.0029986711015587432	0.005864337087218673
5.588956827163908e-07	3.38598674400126e-05	3.9123200692925117e-07	0.0001252372976273918
4.833290108310894e-05	0.0001849178027284065	2.2975124056357874e-05	0.00044122259420266744
2.1720265760585924e-05	0.00023075849939456814	3.026073889252598e-05	0.0005933045987282188
0.007634935043607394	0.009147408588294029	0.006745972350861954	0.011553173061861802
0.0015966199169051094	0.001655410970468188	0.0008542489657727293	0.002523571127852371
1.5569038625494824e-05	0.00010519871061457298	7.9189338648312e-06	0.00022606807506867163
2.143657280842872e-07	8.72477589578086e-05	1.6675376844422556e-06	0.0002616493138768562
0.0012567979218628094	0.0011474531710038483	0.0004617998407201602	0.0018297767640480052
3.675037133349687e-05	0.00012850858111643112	1.8428294868587162e-05	0.0003096325031659251
0.010662850238927655	0.011774200017436686	0.009383273110131821	0.014598878811675492
0.0002704208861667026	0.0002840652136113416	6.276007711303751e-06	0.0006636907809689313
0.030775319048303485	0.035651259972557414	0.028456948436208412	0.04216120099490362
0.014167103371579153	0.01411715784692275	0.011080459796137828	0.017300745838547054
5.9336793670089484e-05	0.00020100473787018516	1.3516609620359573e-05	0.000425932980446784
1.9493187983362743e-07	9.691202340605014e-05	5.17949315484259e-06	0.0002881825113849573
3.794304925093026e-07	8.63572015100903e-05	4.145292081131909e-07	0.0003590279961270929
9.965752633327935e-06	0.00014560268450682318	1.9567976995705516e-05	0.0003893202547840877
0.00033813953105231686	0.0003483264317612826	3.778812312850352e-05	0.0007508532062689132
0.0004256901238188942	0.0002993149396740521	4.943299574372157e-05	0.0006339909582111092
0.0001199842028147513	0.00016222997691592005	2.4443587446276234e-05	0.00044011264940524875
1.01824285993894e-06	0.0001636941146290397	6.911305138465278e-06	0.0004376040791758886
0.01354763187583804	0.01543686277429822	0.012326843166056834	0.0191094416978267
0.002244968753595877	0.002606875987475095	0.0015322285884734584	0.0037067154906352357
1.9745353835795802e-05	2.8874374105343195e-05	1.5721005554373974e-06	7.674279511482608e-05
0.00725715890906457	0.008038401104444285	0.006171086370119484	0.010755462789051751
5.02031093790795e-07	0.00012233225906909214	1.044473522523692e-05	0.0003353813632454099
3.572139963063475e-07	8.135171373446263e-05	5.992002319754729e-06	0.0002236557771500629
0.00011023873659022917	0.00025959064849421246	6.625051722909596e-05	0.0005934539705201412
0.028237137208448306	0.03121398160982829	0.025675821995816688	0.037303843460264004
1.0753325841526355e-06	5.51133526573916e-05	1.692250126619965e-07	0.0001702024498210832
0.00025149084516610273	0.00025580147110362974	2.1637942220392833e-05	0.000543708778032426
3.380340173920139e-07	6.189813480967603e-05	1.507704387661657e-06	0.00016600465641847064
1.3995645190190968e-06	8.57633927970181e-05	7.930531041616995e-06	0.00027006300721683045
3.8127433446426397e-07	0.00016824389917091613	1.4329839377506204e-05	0.0004659646021259391
0.019789686877140958	0.021209659930340706	0.017313804933230644	0.025512474491521588
5.162364697015538e-05	0.00019025045034037132	3.166989455047438e-05	0.0004005720668289035
6.189949638759908e-07	0.0001230850984752429	1.2308594924598757e-05	0.0003279282525711755
0.0008711717923117352	0.0015008432973294744	0.0007572001473738123	0.002286743431551962
0.00010517701941309063	0.00012593674774253902	4.73153772010881e-06	0.00030153517768308593
3.1450567251411965e-05	0.00024738073881677074	4.153511732287946e-05	0.0005746207661400992
0.0019656839582607795	0.0020245058886400173	0.0010803523354251713	0.002981335706245406
1.4515668027867647e-06	7.838351588530886e-05	3.5981844320994023e-06	0.0002866509841555727
2.2815232884811832e-05	6.086602961394462e-05	4.520058667904056e-06	0.00015436713522155952
4.9718276315274105e-06	6.314595412187605e-05	5.784090992094933e-07	0.00027058565635850005
8.486472482126104e-06	0.00010336839290292439	3.313638519609229e-06	0.00033736973819003776
1.5531057115781117e-06	0.0001431515162212036	1.4726241393253342e-05	0.00031861646416731117
8.144362355763189e-05	0.0003096579455691652	7.53885698376926e-05	0.0006316284350699192
0.0005493825640624	0.0005983503791641803	0.00020964535522778577	0.00107377269161871
3.371786053229812e-07	8.282196524937203e-05	6.088264667794572e-06	0.00022118573473861402
2.002303882120195e-06	5.836386704964412e-05	2.9426683262136525e-06	0.00028517522174847357
5.824864195975918e-06	5.712633193198986e-05	6.861735578668083e-07	0.0001466244104865214
0.0015131082222724556	0.0019340639227905963	0.0011772697951638804	0.002788092718208185
1.0887710285982045e-05	7.169119734829076e-05	1.0638874867393916e-05	0.00017326243754069216
3.8748797770024766e-05	0.00012495010720649875	1.4871359574866703e-05	0.00032762175107479453
0.001454354664889727	0.0010924312455719665	0.0004645459962977975	0.0017579568225872839
1.2261031858677192e-06	4.5567616053605243e-05	7.656570687049802e-07	0.00017109761508361915
4.653138316176715e-05	0.0002145631096493432	3.6638872689489626e-05	0.0004953080672120849
0.0005466300809098522	0.00042954802774438055	0.00010236963001442654	0.0008477982426916726
0.02533238840799743	0.02859741789421619	0.02310471658391182	0.03389747995366461
1.59755685964858e-05	0.00013089978501563268	2.7913986100306647e-05	0.00029444115067127607
0.006411360854694519	0.008128011706994486	0.0060824109351196145	0.010138785302815858
0.0006289373609425248	0.000943274029151467	0.00042959555069561385	0.001592692201937125
0.00166192252149308	0.0025102463301667323	0.0015573931010579916	0.0036692204397100604
0.002250430816588218	0.0013814087387542934	0.0006461962021770024	0.002152860431189655
0.0459713634482521	0.046571276805337	0.036921192350667306	0.05439570358698534
3.7886427633874416e-06	0.00013732737428836345	8.167721794421073e-06	0.00046210527744561854
2.7055140376183547e-07	5.4701433896840214e-05	2.448930033779347e-07	0.0002348817174311423
3.87553092999356e-06	0.00010935953555559493	6.202437398220005e-06	0.00030642119546135367
2.7923359499775156e-07	0.00013307898316758686	9.652273664202063e-06	0.00036709746772589137
0.001467508698295579	0.001065749927110632	0.00045992002104331493	0.0017028041655791127
0.007846616921762207	0.008462885917022843	0.006367855477362974	0.010522198543602137
0.028498081256009108	0.031898424508227635	0.025313637623307277	0.03802924294871916
6.9916284739658e-05	0.00043517704645153747	2.2174460865010174e-05	0.0009649780260824109
0.00011987843657587268	0.00012342607939657904	3.240790125841664e-07	0.00042581355696420716
4.719170786433304e-06	0.00015337332498365197	1.2266705549151695e-05	0.00036912193823933825
5.616952388636256e-07	6.555060777698059e-05	1.0962507271015509e-06	0.00023286578085513998
0.004927912839032158	0.003954949282721258	0.0025963674238045635	0.005465093644079445
9.927623933621397e-07	0.00016877280925937092	7.51498606124687e-07	0.0005390898432472876
0.0053836923011529505	0.00436592315305957	0.003093674022671221	0.005818632332520504
0.014033690291839894	0.013577988089235264	0.010758637145197944	0.016439001688473353
0.00010201500326536834	0.00021837176585945314	3.057205790546496e-05	0.0004499539334443625
0.022019107183586812	0.024988727654043228	0.02004580255570298	0.030189638911246392
3.2786166871036263e-05	0.00013978342981439953	1.250188648490551e-05	0.0003349172142932767
2.0949330405648084e-06	0.00012382325399177836	7.20554995255286e-06	0.0003159718830932802
0.0006575379279149426	0.0006962247189329235	0.0002356527733136089	0.0011494318944435355
2.7861511124150474e-05	0.00010141197194272418	1.0059168577130557e-05	0.0002637327731670091
0.0004494033263328763	0.00010163859583942805	4.769201652259257e-06	0.00034400363639514584
4.528536992247805e-05	0.0001778211633610718	3.7537385231874486e-05	0.00046333504264245407
0.0003416750120741546	0.0004590442420242598	8.819203315298667e-06	0.0008660714299330217
0.03566961988455574	0.039463318152312826	0.03190148475215482	0.047223119447902584
0.00020340773241203172	0.0004402305876323835	0.0001221804129868241	0.0007921911027575251
0.019211204393900005	0.018440219072649106	0.014848190131028866	0.022570239477316595
9.389283195337331e-07	0.0001234255731348155	1.316292748204448e-05	0.0002998689863054395
1.5887789732746466e-07	0.00010424805095992688	9.751467476014311e-06	0.0002809131591129005
0.0004413320144936701	0.0006024651860589943	0.00020448523170133175	0.001035009540293584
0.00017540703908813468	0.00045580131667755645	0.00011869079429564812	0.0009625331527623072
0.0038908544724233127	0.0029985425367228297	0.0020662873294426303	0.004105581026105453
0.006610710268314286	0.007737907375489702	0.005924548871717969	0.009827318026248751
0.036592748469041064	0.04012173149732497	0.0322251662681977	0.047747166046423144
0.00042515844124744345	0.0006187937280129033	0.00017390119346788992	0.0010868031916466
6.70719549541201e-06	6.541828023337805e-05	2.324191268601902e-07	0.0003224702156092529
0.007082469911485044	0.006628002929690753	0.004950530080328488	0.008655018796727143
2.0448228669818447e-05	0.00013076567700352407	1.1256595500421415e-05	0.0003244193701812497
0.0004208835422065613	0.0006326426940435993	0.00017877750703431463	0.0010558981282936335
0.0004844562298988459	0.0006338715560282878	0.0002508785603279103	0.0010638131575597422
4.781390590724582e-05	0.00017757102542266634	3.1568131032699644e-05	0.000378960085162945
2.051856686797576e-06	0.00019107080775796097	1.4032258773923739e-05	0.0005317757547009626
4.936019323939185e-05	0.00021468620834058912	3.528260915878217e-05	0.0005040100634139405
0.02523702568931216	0.027666985123728602	0.02220380806107663	0.03291428765581129
0.0009438180357319064	0.0008507796912709861	0.00039227165577973284	0.0014237346365250708
4.4835972844299383e-07	0.00012317997283508772	1.5397540893629082e-05	0.0002847995896964341
0.00026208324622752565	0.0002483124119830302	4.068545934972019e-05	0.0005484850064252243
7.449317696757287e-07	0.00010299784805092346	3.1390931033415476e-06	0.00026791882059632013
0.0669355038387154	0.07607922375391721	0.061244563914483935	0.0908634240628394
0.06472962635414832	0.055259995757645536	0.04373684090977791	0.06532407270132116
0.0012765079611080279	0.0011746891207783043	0.0004441719833325352	0.0018962583784476953
1.9889168930512437e-05	8.415325724983071e-05	3.5301961257030694e-06	0.00025385281893422696
2.84626546899007e-05	9.821803452259721e-05	8.448972691661423e-06	0.00024315080761384876
0.025345967682881398	0.02603856864716725	0.02119587668530783	0.03155214708017745
3.730590407335969e-06	0.00010732192042888903	9.579777368569277e-06	0.00036039339252548144
0.0008571923466915067	0.0010336724671575585	0.0005091544537920136	0.0016229624571235863
8.00425678037886e-05	3.341310218100223e-05	5.322961569594195e-07	0.00014093179842953636
2.450310055437563e-07	7.85665362907622e-05	6.26380913727358e-06	0.00018565828319101223
6.562897883498305e-07	6.856104609960326e-05	3.5755339293672087e-06	0.00018292074575087858
0.01723554054202954	0.01876585542693203	0.014970277783226831	0.022709573709276516
0.016520123371297983	0.019348801074130586	0.015519768416858013	0.023611585684982044
0.022280288812687992	0.023737249765393043	0.01842443669217244	0.027980352016487773
8.396769551212748e-06	0.0001575614610304467	1.9760594991078503e-06	0.0004748982230020756
7.473292105573948e-06	0.00012098041318456001	1.3743333998152195e-06	0.0003095079060541001
0.0008058574491285202	0.000587853754032403	0.00018371106251240224	0.0010111031678249898
0.0003508097136608365	0.0005232054738819875	0.0001317418034692368	0.000998629475919086
0.0546768915698728	0.055149587160124025	0.04430471394858811	0.06567844632996674
0.00045758430013522855	0.0003749011141153905	5.9554621652319986e-05	0.000723342950494565
1.1586712718894946e-06	0.00022403740817800077	1.6114987695020625e-05	0.0005488474560918052
0.007523936296185506	0.009137438061557963	0.007047024216674208	0.011175688093398695
0.00613184851912477	0.006104368856390134	0.004339919144694841	0.007866886411332734
5.139064620957165e-07	0.00010157411622983283	1.3873651525802566e-06	0.0003804765727662912
0.015621616364857807	0.01620418781601354	0.01280317753519841	0.019570449521520143
1.927418594479223e-07	0.00010110155216290337	5.723523280241833e-06	0.0002719578551806282
0.011463361365094751	0.010726213655117717	0.008221537296315471	0.01326620559202675
0.01801300507214443	0.020670340289236852	0.016705512462272046	0.025192536320716306
0.009613949198396024	0.0084316032412047	0.006340989353059646	0.010342277635791809
0.000741826716630056	0.0007585993066210721	0.00026932006299017127	0.0012816432354486572
1.1076624844781885e-05	0.00018702506269130235	8.571340572737448e-06	0.000394910069196713
0.00018397465141436914	0.00021707176347050708	1.689966308762601e-05	0.0004982792764525966
3.410146950284289e-06	0.0001011658855137879	9.02055315141607e-07	0.00025531829626368593
0.01269288992451166	0.013691638865398092	0.010772388079670936	0.01670426619841203
1.5416834728042747e-06	0.00011101237546120057	8.76213048980113e-06	0.0003092612880688414
1.9069605610291922e-05	0.0002370732838896814	2.5943422016851385e-05	0.000520127925604748
0.0029612954389156756	0.002937539367435822	0.0019961584729962876	0.003965350083649306
8.265173589995663e-06	0.0001395356923376492	8.564313052877903e-06	0.0003035621325949541
0.00046066330671278645	0.00038210925898229746	6.501064484759455e-05	0.0008163916940899217
2.6775788366228817e-06	6.459240611500558e-05	2.6452921087808935e-07	0.0002610633432509658
0.01281515056371299	0.015083729265196364	0.011817653953469762	0.01851883297052277
0.0006952002336304591	0.0006268142170579933	0.00017393225692471473	0.0011103251517231875
7.194921308915645e-05	0.00017219544400159473	1.0945691613304798e-05	0.0003949154260746735
3.2484524951356405e-06	9.195965806479571e-05	5.288180847124258e-06	0.0002472365360080426
0.007757058158657828	0.006435293679120476	0.004663899357640616	0.00835193169809718
5.589305502885739e-07	8.681261850686939e-05	2.5046212999915617e-06	0.00024495213600125664
2.2252782958908536e-06	0.00011770701930456114	1.0952513712574384e-05	0.00036185516851963516
3.271297413205579e-06	6.830014012140837e-05	5.588900892798098e-07	0.0002784016763855334
0.0003592650635348056	0.0004799362105969523	0.00012577942761903362	0.0008901262995165388
0.0005405488507873125	0.0007179562088809529	0.0002839975395176176	0.0012133837606239247
0.05347190324352511	0.05235918538597703	0.04121488765575698	0.0633243654543577
1.5333652571560075e-06	8.203683856085194e-05	5.841843374226242e-06	0.0002175740047780767
0.005000746229290213	0.006078834289841034	0.004227006852115844	0.007805656926630544
1.1669320997132645e-06	0.00014717556421151048	1.645336054422096e-05	0.0003201769659620706
1.6827236797359797e-05	0.00011530396920492247	5.700994439997611e-06	0.0003848578324472482
0.03739190725809707	0.04547204607372485	0.03674359054283009	0.054179111545394745
8.425838205373585e-07	0.00013251486864145502	2.584870808681684e-06	0.00036245921832752016
5.363476214156036e-06	0.00016279763887646956	1.4127113679534861e-05	0.00038534857124658274
0.005630247896108336	0.00477187688020917	0.003471266146704667	0.006251659497568838
0.04289336586233713	0.05061839568098378	0.041554440221237506	0.06116022288694166
5.164477983822713e-07	0.00012627016844612879	5.078100099185776e-06	0.00032947663506581486
0.0003013588459587236	0.00045906236800235465	9.99736523792289e-05	0.0008860331713382618
2.994562958767312e-05	0.00015193958052683493	1.9808620872292723e-05	0.00039702396908100043
0.0181427992681133	0.021215147009660245	0.017002973628852506	0.025552800460571016
4.6772841469232115e-07	9.446935945648723e-05	7.959365711829438e-06	0.0003007317666427769
1.6322883025786763e-06	0.00011552377056792589	8.158215569599086e-06	0.00031171903797910295
3.004625562686718e-07	0.0001348936900946991	1.8364252721746988e-05	0.0002957294257061561
7.755659389928324e-06	0.00014008020144295645	1.2516224005697041e-05	0.00035736113035244216
1.8355505312459105e-06	0.00010988281343831138	6.811938148273602e-06	0.00044930559173417695
1.7411857528877444e-07	0.00014290404030720187	4.720908534511749e-06	0.00047044374577734696
8.142658598712975e-07	9.16603871681444e-05	1.1963319468754118e-05	0.0002464362820870232
6.732703238216743e-07	0.00011885721725300933	1.692475186162638e-05	0.00035391861858606285
0.0020283938101752124	0.0024219486568075356	0.001495252534715348	0.003513144552207492
3.474437976860468e-06	0.0001278959777523535	1.948036421064355e-05	0.000311877197527322
0.018679134408206836	0.01781390466931319	0.014183422206706488	0.02164243443910379
1.1042007085683862e-05	0.0001422239967151049	5.719788067077404e-06	0.00044107832617135633
0.013070172184526522	0.010831437153012225	0.008450885031224624	0.013613605389067565
3.3485312405484556e-06	0.00010874205262731032	1.4086902916381948e-05	0.000263158332980063
2.1105154183646697e-05	6.077010489457928e-05	2.2658513815851896e-06	0.00019933625361510517
0.0001767491830749036	0.0001734399292202999	6.683701102218656e-06	0.0004533731685948156
0.00012533983243705318	6.372811913767828e-05	4.3396330041379265e-07	0.0002559514285896142
3.338247525026826e-05	9.499904139772549e-05	2.4713959572947546e-06	0.0002808580230304445
2.4157084115142822e-05	0.00011288410791171332	3.118962309931838e-06	0.0003914349194372935
1.2871180845610942e-05	8.906438524063299e-05	4.190779972700775e-06	0.0002643084120311106
2.8731159913776722e-05	9.791147282911301e-05	3.3311386112951407e-06	0.00031475646636682365
5.854538341741333e-05	0.0001145165449894636	1.802103123008137e-05	0.0002790449517133149
2.2384356062013852e-05	0.0001559663849383666	1.929139375576032e-05	0.00040994302310342864
0.0007938004911895327	0.0008191332553399764	0.0003845340142761721	0.0013255315969218115
0.014344381237241194	0.01633044807147024	0.012923606884125373	0.019787368155944375
0.00026212858559891185	0.0004304360793299977	0.00010386062322554115	0.0008154726994708606
4.015412207221848e-05	0.00012135091187196698	8.848957454116129e-06	0.00026934371823062614
4.445670718246131e-06	8.252406745507676e-05	6.749210533995179e-06	0.0002011848071669291
0.011664255735478366	0.01326446821867124	0.010165505960272518	0.016079813343259093
1.4741069946957801e-06	6.841222457239048e-05	1.4858052259587767e-06	0.00018313555033248888
0.000288089597404988	0.0002891348196166426	4.883786051769294e-05	0.0005967375359885968
0.0019500404450173976	0.002938557087742569	0.0019303720312348813	0.003953273479782914
0.0020280750418212212	0.0020094446662073024	0.00119308389001243	0.0029007760609177057
2.9395089669859763e-05	0.0004138502459375276	5.444788343230198e-05	0.0008942986080906678
7.18969436709724e-07	0.00011716540137251454	1.0371839943520301e-05	0.00025747932871652624
0.0031194111835296788	0.0023241227387436818	0.0013210216127892331	0.003365508101822206
0.00015803139359937834	0.00030961173141312364	6.409563803845942e-05	0.0005540052664408403
0.0018194741498092474	0.0013558983705962285	0.00069224351017062	0.0020454404701411846
0.0003623472709059924	0.0005730856412261564	0.00021693651683338082	0.0010432380256676158
3.754738468912704e-05	0.00016738413804472173	1.791483461884907e-05	0.0003769933544287151
0.028258893959762086	0.02847211964139451	0.023285958076396	0.03399637071923034
0.061929350147731765	0.06620628660714266	0.05287886627571123	0.07901691660585664
0.0001899387710575366	0.00040782766606730253	0.00012370020432687885	0.0008180120030505333
0.0020236664225236544	0.0017596540991462483	0.000968738453915651	0.0025109417363919353
2.238803686845598e-07	0.00013818796159841248	1.0295178532991422e-05	0.00033288694786624785
0.011413087524680773	0.011007296025582565	0.008471581222555816	0.01362684255583567
0.0657880917543665	0.07007133764179203	0.055761010679675545	0.08295994706508267
1.0592481398702939e-05	6.10646482176466e-05	7.601389676510708e-07	0.00020296819556722483
0.009600772510096436	0.009949893948311	0.007581585506158459	0.01258067961243729
0.00043371456766256266	0.0005047718471673298	0.00010875303931348039	0.0009503218927258167
4.7574548899413656e-05	7.272014597245654e-05	1.8417459816140535e-06	0.00028101481717963896
0.00014533515776134627	0.0001416403200007311	3.0382667467109688e-05	0.0003173724192580607
0.0038501849526207527	0.0039806717097052085	0.0027049121087251086	0.005263740197163921
4.058322547431462e-06	0.00010290334218075926	4.694976707152348e-06	0.00032633675353916844
6.31056012873575e-05	0.00012898192082360431	1.156028856214926e-05	0.00031931759984388307
0.009225457301786909	0.01118971162080877	0.00852163198902144	0.013761675902764345
0.001028036861866587	0.0014713082476754725	0.0006755458859504129	0.002270995397802234
1.8395720390383305e-05	0.00023803813401360548	1.2051056176068643e-05	0.0005533516715386488
9.325952256177509e-07	0.00012027883995613952	7.6055039920357265e-06	0.00045476827348938856
2.894618875987651e-05	0.0001061287102438483	6.386183358050085e-06	0.00027902634750131015
0.027467774127825376	0.02512451948462487	0.02005259027994605	0.02981916435301176
0.000965217856643652	0.0010070969178042613	0.000420927609696992	0.0016659349741159932
3.5817513751678514e-05	7.442123547183307e-05	5.679680362677362e-06	0.0002334764730415375
0.00024885522439215625	0.0005464542783149727	0.00015936349006562164	0.0010552656231142172
2.675122068124387e-07	0.00010428952659930334	1.8290088386621734e-06	0.0003526148873036656
0.06327989961718589	0.05633185211703378	0.046135161844314015	0.06701991023612594
0.0004781051035701651	0.000598103750330342	0.00021297281945362135	0.001084374377597252
0.0038325213922903154	0.003194151192505929	0.0021286649803312773	0.00444308410929667
0.027482579922999763	0.02670684640286096	0.02164783067485828	0.03152848994601486
1.3087987829969523e-05	5.8325271477439895e-05	4.0909209238854635e-06	0.00020627656706281215
0.005791833049279953	0.0064564444193801	0.0047922782243850605	0.008406375958993606
0.012846129879752284	0.010388575877478294	0.007743339566410654	0.012667533665377664
0.0008794426108946948	0.000521502620249635	0.00013922902235700098	0.0010291347042803945
0.00032306678206917396	0.0003187370135806152	7.080099434587998e-05	0.0006741756331457857
0.016790416774151388	0.01817411813645786	0.014513410061536614	0.022143687299874395
5.2415794201017673e-05	4.462776117116217e-05	3.831713645314532e-06	0.00010646778165368081
3.7076623871000847e-06	0.00010105327081433455	7.96739783299333e-06	0.00025784980142200937
0.006011811742601351	0.005233119169932316	0.0037408817609580042	0.0069492444137457575
0.001317509618116833	0.0013998180055248553	0.0006294604169572754	0.0021151898979039985
3.161342204450151e-05	0.00010477539726673833	4.7113628655954665e-06	0.00031026121039931233
1.677114060802112e-07	0.00010053815435955983	5.878593545383901e-06	0.00037153594558183195
0.03688086391617592	0.03319130995009539	0.027069420246461837	0.03979097388191414
0.0003999942157043135	0.0003368714648377012	7.3681337784231e-05	0.0007065487127552204
1.6952943601918207e-07	0.00015059642200773515	2.0258853485155476e-05	0.00037225814592509025
0.00010014444646297543	0.00011788503469465374	1.032721730098909e-05	0.0002681066703971091
0.0003670924490496459	0.0002383144346059903	2.4411271646013003e-05	0.0005396989790513128
7.642679071702426e-06	8.497082317848845e-05	6.850170015662832e-06	0.00022435806867602268
6.21834593969591e-05	0.00011960307200892707	3.147139913549635e-05	0.0002605163066395311
9.64550998704803e-05	0.0002903348381038125	5.4827606560934864e-05	0.0005866445419403406
0.0003102230585428757	0.00046577325608943585	0.00011464670874303441	0.0008635381009480031
0.01234432262443554	0.012251545917179545	0.009443734228790995	0.014673386236708654
0.007598230208417083	0.009173631454983669	0.007027684350786852	0.011465519486362841
0.003787887879822947	0.003517142964682343	0.002368368233893231	0.004809309669377196
0.00019140859403724703	0.00032388363767635135	8.371317097327635e-05	0.0006727983919246997
0.00044488190369104593	0.0006005993022677014	0.00018739538431919878	0.001080219867302358
0.002132411174231189	0.0024324469595482937	0.0015085384125945443	0.003371596152759041
0.0002415481376141511	0.0005572295977993971	0.0002703513790199147	0.0009749501686361536
0.0036266738263525996	0.003264471205858908	0.002096881955116709	0.004432540504234487
0.05624263337076899	0.061555904239372856	0.05071615309100901	0.07425410863680847
0.0043486291799901405	0.0043526428126047035	0.0030438582748495103	0.00576131182328174
0.00045001282507761296	0.00017363803624539237	1.3017336708904613e-05	0.000413868227165924
1.2135613563862465e-06	1.7263329024671583e-05	2.0724968802137653e-07	5.2852049537665116e-05
7.51772163341722e-05	0.00038222557161269677	3.422922635631639e-05	0.0007683920003683651
6.170248816278505e-06	0.00013306442834929008	8.078556784190994e-06	0.0002816622233615929
1.1451627402175261e-06	0.000153924903744641	1.5173124901744875e-05	0.00042132161784496166
0.0037224890236094666	0.005093460409732562	0.0036774112049551256	0.006846617207230551
3.3460711818515926e-07	8.206536918307896e-05	2.844084479512062e-06	0.0002165823367302763
4.346131462779039e-07	0.00013930537698980176	1.81498067074777e-05	0.00037012783863126154
0.0008597065351921382	0.0011716350499279752	0.0005074616063271125	0.001840733615730545
0.00013823805590247894	0.0005459649055435423	0.00013500020956235827	0.0009565778990930789
5.0956234319473274e-05	9.331267305301258e-05	2.5953652556114617e-06	0.00032766604507909324
8.334782045673268e-06	9.786318706672541e-05	7.764369631804273e-08	0.0003005763360067132
1.9486881174649935e-07	5.976984388235364e-05	1.9644890840998777e-06	0.00023363181648178706
7.013720619242439e-06	0.00014565969902221698	6.615296298160057e-06	0.000390682651976898
5.023222971697045e-06	0.00013037364126546112	1.0529217424601739e-05	0.00033296548389468415
2.50761102009311e-07	0.00010903128260531199	6.3811963185292325e-06	0.00031023193439685845
0.005271315359470112	0.006525944357200979	0.0048135878558239345	0.008429747721392006
1.1825637811292015e-05	9.392440763702059e-05	6.4959944815076945e-06	0.00028237642869097246
0.016474231481548023	0.016092503978794814	0.013204776279257278	0.019982076628539222
0.005721197511201823	0.00553295182788623	0.004156333579554515	0.0071207765469868374
0.04203637520976053	0.05846508899370008	0.04712009261851376	0.07021408249048545
0.03869397287188366	0.04483856999795284	0.035541706204812215	0.05310375054854937
0.00033319167742958946	0.0004959311338338146	0.00014291536843825785	0.0008298176651352736
8.855617435907783e-06	3.632986149197161e-05	4.953804373399296e-07	9.704933725349538e-05
0.023242591880429726	0.018558792983440514	0.014788787085500727	0.022595026516366922
3.004040317409954e-07	8.172688064186368e-05	5.561955544741429e-06	0.00023247093422578145
2.911298862469073e-06	0.00011033836084489213	8.9986654229709e-06	0.0002919979397067956
1.720558353669822e-05	7.420243042918946e-05	3.89121367345107e-06	0.00037778463764231914
3.271951116740613e-05	0.00010994101883147038	1.148032401221923e-05	0.00027862593218207015
0.032650158170806035	0.032734597085898764	0.026653243975926142	0.03930097142297804
0.0002859663345621203	0.0003855862609512169	7.323487341539877e-05	0.0007252745324927564
1.755815719291859e-06	0.00011783281214049333	1.0078890127628307e-05	0.0004010716094445815
0.00035699292067741217	0.0002453437828224748	4.877665078614033e-05	0.0005387893062789099
0.02835811657951163	0.032055782210223746	0.02584418007707009	0.03834241345723166
8.872237129762675e-07	6.616658765313956e-05	8.237854096595446e-06	0.00016055342890398995
0.05321759810115949	0.052829476591923545	0.042874312881015064	0.06192606935785581
1.1461047299274003e-06	0.00017143974119912243	2.9652779625781017e-05	0.00036265580930788994
0.006545365486516068	0.00664644472472106	0.00493172056094787	0.008519109663895972
0.001021561463949062	0.0009529009448755671	0.0004036850959302158	0.001541332675583771
2.943074147277852e-05	0.00013090452411668743	7.262218134401318e-06	0.00044819402082494627
2.608867314036099e-06	9.550609360875366e-05	6.440022483952653e-06	0.00030659655315762346
0.003551009379742173	0.0044514493086362395	0.003065828305355993	0.006017906005098084
0.009286601287971994	0.00918476418891578	0.007110475958138263	0.011671576465607186
0.0001501158115317088	0.00025904767963184233	2.8585036280210317e-05	0.0005831345249016738
3.161144490876351e-05	6.348050621475452e-05	2.4947774440113034e-06	0.00017202718492959548
1.9747149638637655e-07	0.00012892954229097912	5.721261015865483e-06	0.0003545613899233706
1.0711240525836582e-06	0.000138673687927993	1.9200995448903197e-05	0.0003556082965054628
0.005291567350716701	0.005067764108504412	0.0036232624312057954	0.006828530617359886
3.607317158167026e-05	0.0003792106023118488	7.891614296792107e-05	0.0007694474281576794
1.268664881732437e-05	0.00013067634778295582	1.073572256928756e-05	0.00038568336367358647
7.350825767410017e-06	0.00016582625995271606	7.099078626693826e-06	0.0004345894994888566
0.0017263809343929571	0.00225429958676082	0.0014255127122973622	0.0032557828613645947
0.06508901019786818	0.05919733023394069	0.04894851268538579	0.07116994011022702
0.00020021885349910692	0.0003437656979005609	7.435783745889077e-05	0.0007380181293518848
0.016054282794333623	0.015197142067231642	0.012255432747510385	0.0187129699004628
1.3849427554307286e-06	0.00014197530758973222	7.393964469448927e-06	0.0003671941467317131
0.014788394833314202	0.016718619582510492	0.013231305976575045	0.020056049289670235
0.0014172588516117041	0.0019838139401875204	0.0012179745031640364	0.002929140234973241
3.7180339980571005e-05	8.345774503143345e-05	7.339863835342152e-07	0.0003402244705043249
0.01137225136890089	0.00965329220405451	0.007385848541023101	0.011910155210044755
3.2845914308456073e-06	5.642375912601163e-05	2.058401411266308e-06	0.0002214354713978309
0.00023348167191780865	0.00029656005430379233	4.594778109429053e-05	0.000542190842738769
2.1978281189728588e-07	0.00012622836007872488	1.757707874643707e-05	0.0002668001010013348
2.1546878652312187e-05	0.00012632187039198436	2.548037453591773e-06	0.00031109171883622616
1.7012283998560924e-05	0.00016350115176686988	8.51455139419873e-06	0.00042977077878721625
5.086119663850684e-07	0.00013254953851159196	7.047716270515611e-06	0.0003752463999183048
2.8009298086853056e-07	8.397503565724516e-05	1.9260274978724126e-06	0.0002398641585588769
1.3230166733584103e-05	0.00014288627052516748	1.2504999071489312e-05	0.0003423029615854997
1.5652700372214846e-05	8.074303991363815e-05	1.0215444281142547e-05	0.00019236224819935922
0.06344766398351136	0.0707015493677563	0.05658994208870952	0.08355186014410503
0.032474141463193995	0.03612050722861516	0.0288856228288738	0.042237630897995884
8.534268425728408e-07	0.00014103148127143388	1.1791266935808904e-05	0.0003313709374019991
0.00012957371207257724	0.00037502327176488283	0.00010281721800314047	0.0007236477824407891
7.601963088056627e-05	0.0001031079560651526	1.0733980899268495e-05	0.00029222056084425503
