simulated_rates	estimated_rates_mean	estimated_rates_lower	estimated_rates_upper
0.00013976981748977724	0.0001369363536991776	0.00011347701099244222	0.0001607321300303916
0.01448060101289585	0.014550025005388828	0.014268359312702514	0.014905685813059054
0.0040083233889146195	0.004045182308744107	0.0039011251329262473	0.004183513661322577
2.499050100622846e-07	1.236703323299767e-06	1.2246822278975817e-08	3.2312199832936704e-06
0.00018079022608803302	0.00016060835838113864	0.00013579838531302366	0.00018437501657278345
6.14598617374718e-05	5.982075682496052e-05	4.701568767638396e-05	7.70998132604002e-05
0.04485367838173267	0.045705037975095286	0.04480513873219356	0.04662915255171234
0.002042120114847141	0.0020590246586958015	0.0019645485238552456	0.002145216873485179
0.03755495154740013	0.03831486447472234	0.03766336936702379	0.03908015514437965
2.97185278777147e-05	1.8827348323748684e-05	1.0615194660017759e-05	2.605104669779546e-05
0.001560277917190389	0.0015306062621520716	0.0014539442480822594	0.0016130357986621803
8.580337798320133e-06	7.3764704529783955e-06	2.864552998881671e-06	1.2585452524107312e-05
0.0032443800367444294	0.0031803777875734894	0.003065468370419384	0.003310166573368522
0.00017819528262022182	0.00020055269832397002	0.00017359805680577283	0.00022891831328606345
0.001525467281330522	0.001552903714444243	0.0014715108200116073	0.0016343204080980116
0.04346109312344896	0.04450477483030924	0.04368046954311306	0.04549999231824732
3.165635315208858e-06	3.609239238620239e-06	6.139610070396317e-07	7.3667671958244824e-06
0.00011527427845115313	0.00012901707542123535	0.0001073300977676328	0.00015277187287489688
3.964459416277147e-07	1.159596646221505e-06	4.943666030206009e-08	2.6573341681539595e-06
2.685331506857187e-06	2.90730110255046e-06	4.827918678097049e-07	7.4776406879639846e-06
0.0004404731405911764	0.00043906169156060666	0.0004016770825188715	0.00048360166237208617
9.523045522940987e-07	2.0169828100714638e-06	2.037939892827179e-07	4.956291412718782e-06
0.0009965494482856757	0.0010271256558068585	0.0009661584843914997	0.0010910874443874003
7.765259469485063e-07	1.3422319050996884e-06	6.750605088567514e-08	3.104784889721045e-06
2.646898633877038e-07	1.2591073409162024e-06	1.6024558114576133e-07	2.8075974933521566e-06
6.765451387594682e-06	7.032715305574584e-06	1.9758151123897524e-06	1.2768007930883823e-05
0.00010072091295505919	0.00011058098772013691	9.006975655593585e-05	0.00013091044646873406
0.015514031071681509	0.01559472116383696	0.015271137750517711	0.01594624723528531
2.2041977822220334e-05	2.589465325713302e-05	1.7785652695714296e-05	3.6774643166867276e-05
0.003930046593110908	0.003946453475302571	0.003816459026807535	0.004084455969375063
0.013086853574811007	0.013282660337819932	0.012974466445527768	0.013560015399315074
8.937788000218909e-06	6.059252319819004e-06	1.1091264307085755e-06	1.0440338779127766e-05
1.5066944074838052e-06	7.699376020176642e-07	4.303304987648065e-09	2.9968288538233e-06
0.00025310847151011474	0.0002452831149636933	0.0002135405453668127	0.0002751992639413007
0.004101967146201376	0.004029516171261045	0.003898820148478225	0.004161701461185642
0.012134918392153691	0.012297772626774615	0.012000267278414536	0.01255508595887853
5.476164027168092e-07	1.0272511509931975e-06	9.27920713902964e-08	2.903850550288746e-06
0.00029986621795814993	0.0002986432998554708	0.00026557634835820996	0.0003298381341001188
0.009779390920906881	0.009641119918367452	0.009385900461101722	0.009831056194245399
2.4328888786264463e-05	2.7114675465092034e-05	1.8091261597167444e-05	3.643794548923002e-05
1.1310844462027013e-05	1.055106181079962e-05	5.5753880094320444e-06	1.6856536210073782e-05
6.219677076183468e-06	1.0178236923556476e-05	4.8943695139078016e-06	1.6690676936521013e-05
2.0943764516322623e-06	1.0075760571656673e-05	4.010773109671276e-06	1.630037618927989e-05
0.0028979808305741213	0.00290031845358305	0.002806785590663481	0.003009160434538583
2.165211291370948e-06	4.5424084917626036e-06	6.681434393974735e-07	8.866929772827653e-06
9.894631414935348e-07	3.7926407595108715e-06	6.217852412434739e-07	7.310741509676016e-06
0.013683460240575587	0.0137383739098539	0.013469939119725514	0.014067846347955448
3.599964154601817e-07	1.251961484871654e-06	1.7167206960630988e-08	3.854656203823214e-06
0.0007289473448759178	0.0007110481482594963	0.0006542386697125173	0.0007589348008202783
0.00019300439539059796	0.00018988943785026087	0.0001644017686765928	0.00021563818880949103
5.9850822767263836e-05	5.901363139847336e-05	4.5028868563623425e-05	7.578867652790652e-05
1.920436831044306e-05	1.0381413156419939e-05	4.054037853537697e-06	1.6949551227013358e-05
0.007372352942627028	0.007202955141910535	0.007014077423923045	0.00739275327251667
0.0023555419259718505	0.0023828089287662767	0.0022763655904124297	0.002473387727384095
0.010455550363193188	0.010473925719754485	0.010212133811179112	0.010725892003119658
0.00015911388124196458	0.00015777437819130007	0.00013368262842674037	0.0001811379020589419
1.0337126432464218e-06	3.99712888722093e-06	4.974690829203619e-07	9.058545183277953e-06
1.6609804815893796e-06	5.730279311526275e-06	2.2144301763751557e-06	1.046087776230464e-05
2.2549919164975314e-05	2.8262619143850695e-05	1.6868656273378447e-05	3.959913763226898e-05
6.834208777778306e-06	1.0313143683373741e-05	5.07219680545164e-06	1.592335037112775e-05
0.005165213345281443	0.005139994335756336	0.004994724137066934	0.005301763246022166
0.002004637124761981	0.0019418994566764549	0.0018556008719971177	0.0020274139944694075
0.0037587258817040913	0.003616451372124808	0.0034896888539567316	0.0037462739444379264
2.490281324489474e-05	3.455158205640307e-05	2.279757451055545e-05	4.576042318605125e-05
0.0004480858946146336	0.00047132458254259995	0.0004273145764496839	0.000512401634304504
3.2785231962872982e-06	2.0570446264836455e-06	2.367893443740725e-07	4.803040588747562e-06
1.7161447057819796e-06	2.302512239192847e-06	1.0362429862568897e-07	5.8119350037626196e-06
0.0003318669601370822	0.0003161847167482537	0.00028102483219362347	0.00034933922698282365
0.00322329663171203	0.0031902157198079673	0.0030710829342588284	0.0032961925540947157
0.00010040753060076374	9.225165636478736e-05	7.376961160908044e-05	0.00010998827134563379
0.0043102028810558845	0.0042317489360943275	0.0040820172679555	0.004372386803774142
0.007879492558692162	0.007809532029606953	0.00759182509858807	0.007991081758236146
0.00010651778918266729	0.0001082532059258015	8.968665912078987e-05	0.00012964701777000843
3.5966570233275462e-06	3.851720017696303e-06	1.0082820372198382e-06	6.950680021753775e-06
0.00021008870646139433	0.00021745092004312345	0.00018535615484799667	0.00024367760636983401
0.025777097936795907	0.025834241578175262	0.02536314313463642	0.026338520863902138
7.20562170572319e-07	1.1975049641024287e-06	1.4493916503939785e-07	3.36985505106879e-06
2.17923805503869e-05	2.2361482503576303e-05	1.4162645086953909e-05	3.0469736898701624e-05
0.004958087619110108	0.004915398889660204	0.004763339137824409	0.005046323959476102
1.1606776871020904e-06	2.5488158864933597e-06	7.991323511599984e-07	5.219704031280963e-06
8.042032536722542e-05	7.259694036703768e-05	5.561597183646297e-05	8.75424292067952e-05
0.004761320378175594	0.004639939492775008	0.004500432323508389	0.00479121428159654
7.152676978295344e-06	1.0180312016225158e-05	4.411923244144745e-06	1.683037654083437e-05
8.406546629329316e-07	9.226005987616435e-07	4.6928329069546524e-08	2.775081565105222e-06
0.010088177248340874	0.01000651683274772	0.009784708002487959	0.01024768278648215
0.03534172116095865	0.03572857993637242	0.03506795132878861	0.036390253626406105
6.365180801692567e-07	1.1032000984367342e-06	8.320089442693142e-08	2.7454056820118704e-06
0.014723031915958338	0.014843417698404606	0.01448077132238601	0.015126396328065998
0.020817249248774074	0.020979965004789332	0.020556933465383946	0.021358250113840866
1.3415949862065374e-05	2.1110742055689586e-05	1.24886982757092e-05	3.0052486439019676e-05
3.594964374902406e-07	1.551203143039944e-06	3.1225684744575243e-07	3.3093883277455242e-06
4.4523769347811085e-05	4.536459059001948e-05	3.2299980212691855e-05	5.733844318894253e-05
1.414314848046278e-06	1.918361484111916e-06	5.2855389910462904e-08	4.835304342502242e-06
2.0930571433286068e-07	1.5748429488736976e-06	1.3876181994953409e-07	4.435707130422476e-06
6.59345557251253e-07	1.4178944639378941e-06	5.879629083856906e-08	3.902340019738451e-06
0.0002962663763222849	0.000291813432391545	0.00026016919241505387	0.00032686084676581637
0.009736388487296178	0.009616189314225684	0.009409589894522324	0.009861984180915263
0.00307171996483261	0.0030120716598576146	0.0029107830067858368	0.003126807936639594
2.7817933139054506e-07	1.5756055966354346e-06	6.885047652559456e-08	3.6493541629545995e-06
0.005157769845837217	0.005230719427755349	0.005058515718017537	0.0053799843020542635
1.5681495029905154e-05	1.6412417589954513e-05	9.610514459479708e-06	2.4182682487082192e-05
3.3147690256599524e-06	4.225684273383987e-06	9.337811783068323e-07	8.550896388406786e-06
0.0482471057868641	0.04995439172000297	0.0489329916581525	0.05091900593187978
1.6714166427431691e-07	1.1252422287326093e-06	1.8807684654527353e-08	2.912418778208259e-06
2.8669764062190063e-06	6.560756018893635e-06	1.7230883844032125e-06	1.1583964244934301e-05
3.085729609268034e-05	3.214242911836245e-05	2.191495019448201e-05	4.243282013656733e-05
0.06547845715655722	0.06695966976326818	0.06555988682597004	0.06829770019677367
0.04668701926898888	0.047625094412482714	0.04666737193021325	0.04848584689438061
5.450673236342723e-07	2.7949986661118354e-06	6.514871248132841e-07	5.8225117642868516e-06
0.004101948949800992	0.004170937494723484	0.004033824137310569	0.00430152562789471
1.3602403410877185e-06	1.69851539927068e-06	5.884566923508865e-08	3.876932861155309e-06
1.858764273253387e-07	1.714282712029889e-06	9.633359202799343e-08	4.054756164593201e-06
0.0005475570778731027	0.0006140812140592325	0.0005639072670774705	0.0006615139526228627
0.00011439124390653009	0.000103345650139403	8.478085812912434e-05	0.00012372126668153894
0.0033533548990634116	0.0033558008529492502	0.003239236970808049	0.0034736925423636774
3.715876863550562e-07	6.88745766937875e-07	2.0839691504582997e-08	1.6456163307909072e-06
8.370335781487016e-05	7.776366618658208e-05	6.067505543532978e-05	9.522900636084431e-05
0.009684381427922242	0.009655212845010145	0.009420229075808691	0.009908009839482602
0.03698063018130706	0.03771656672147167	0.036942021519373994	0.03843452952602209
0.00046732835500816125	0.00045246883827709274	0.0004100536799217595	0.0004925542130628804
1.3681075403250238e-06	2.5342073826786306e-06	1.988103047673658e-07	5.407588443031019e-06
3.1402558308652164e-07	9.995360111935034e-07	5.116622142682311e-08	2.5453646280466006e-06
1.700225968393585e-05	1.5165178809803186e-05	6.951491939957072e-06	2.2858249056705127e-05
1.891148024849085e-05	1.9256615166120084e-05	1.1951008348083006e-05	2.748295967278678e-05
0.0013364540201781564	0.0014047256034362089	0.0013393090396629328	0.0014875986121134007
2.3219691359231443e-05	2.339196571287207e-05	1.3922156853120695e-05	3.2304577186276205e-05
0.00131406637880476	0.0013431938818114929	0.00127508185546554	0.0014220569477769104
4.216218498937238e-06	8.453232484792187e-06	3.524008372055278e-06	1.3852866129353957e-05
0.011578906992723233	0.011777408306686244	0.011495499807702982	0.01203727565648837
4.482951073277725e-07	1.8414774885924207e-06	1.4121363301562932e-07	5.114089671157925e-06
0.0003916079478387676	0.0003892007879405404	0.0003530232324197529	0.00042921263455508393
0.05058338197566291	0.05282251852473926	0.05186874066818568	0.053888046849440485
0.0005629736430057758	0.0005977166439160585	0.0005494631446278552	0.0006436325708963889
0.0006171283361102656	0.0006629271578772579	0.0006144710474394708	0.0007191581969788252
6.490660488558082e-07	3.3822373496321884e-06	3.6281501182808977e-07	6.618532574806329e-06
0.055808807745006135	0.05725413806351564	0.05626902780439819	0.058410313198324626
0.016354328838210218	0.01641462496692348	0.016080601754010448	0.01676334103328326
0.0013668263289245417	0.0013406886064088268	0.001263373907091597	0.0014121718612049071
0.00015621190792393632	0.00016147874880218888	0.0001361501915101623	0.00018650461214756854
0.005654001459694459	0.005645087881034196	0.005466869979656142	0.005803944771558504
0.0009833840177069348	0.0009951527951506107	0.000937873712769364	0.0010575115489009168
0.0006374839349346375	0.0006329729641556748	0.0005825651575738438	0.0006782938524130511
2.8237527684295088e-05	3.5808885545128295e-05	2.353922656952265e-05	4.67854690902992e-05
0.005721253034242915	0.0056155184080595244	0.00545707901600212	0.005792748982790464
0.0015081253591256675	0.0015069188760859268	0.0014180205788044016	0.0015793947112764711
0.0011198984395640128	0.0010925850231807545	0.0010224500111598062	0.0011497435087208035
5.772545183408076e-07	1.8644006455137748e-06	6.912273645679122e-08	4.8710278319536146e-06
7.493956269133832e-05	6.801136628730295e-05	5.398306549590648e-05	8.528458621652063e-05
8.243830469504373e-05	8.477461576409539e-05	6.856040571878248e-05	0.00010113228490098951
2.392592305636846e-06	2.6719964411611303e-06	6.221096017533712e-07	5.799542626962868e-06
2.6569871987741225e-06	2.606482134841592e-06	2.7021693643637845e-07	5.518993388800072e-06
6.799208050282051e-06	4.756014968992373e-06	1.2950357538630752e-06	8.489851912656555e-06
0.012113933250226673	0.012084032437115103	0.011793602364289795	0.01235258977781115
2.501071659865483e-06	5.173126167251927e-06	1.4030794656571933e-06	9.65898560039854e-06
0.00023371851783802198	0.0002459006049994046	0.00021640826970518255	0.0002735324107463437
2.1215751435065372e-05	2.329255832717448e-05	1.4563114803484925e-05	3.436227391488036e-05
1.412459590627206e-05	1.1441988625182268e-05	5.3148415716903755e-06	1.89336235067573e-05
0.0005061668278187444	0.000509810045165723	0.0004666082684520342	0.0005539446644923924
4.048986655715055e-05	3.867961113335889e-05	2.565998613779145e-05	5.0581562261036045e-05
2.122348204920661e-07	1.0104325325920413e-06	1.272378364192111e-07	2.7210488896766934e-06
0.0009743403999098819	0.0009547031690868603	0.0008977104408294999	0.0010151681171023874
1.644470404569412e-05	1.3584326609032084e-05	6.186994919439311e-06	2.038856386053145e-05
7.153278480974183e-07	1.561229025178755e-06	9.67673585593371e-08	3.5523448752755717e-06
2.7854750502955664e-06	5.562028256060264e-06	1.7019511471036566e-06	9.58802990699042e-06
2.9206547909387004e-05	2.786371197297885e-05	1.9206685882467543e-05	3.906656536680306e-05
0.0021395615337769652	0.0020409449219880257	0.0019386745279067236	0.0021301965971747784
0.0033609324761861847	0.0033261842574179375	0.0032048413583428475	0.003437979879925901
0.00030049976910166194	0.0002822997260049435	0.0002501033901851979	0.00031531730313767714
1.4045681635515835e-05	1.4299980462582869e-05	7.686464172468566e-06	2.2613857881736825e-05
0.04399338549743421	0.04509636807059452	0.04424734447918595	0.04606736190074462
9.116699829507914e-06	1.1634003719630133e-05	5.032951763207342e-06	1.841750557060143e-05
0.00589907145650952	0.005854671343883503	0.005690498020967439	0.006024118087089552
0.00928014108975586	0.009421048437710876	0.009191837528832207	0.009649209840500947
3.877594075837819e-07	6.997593986336504e-07	9.86163665489722e-09	2.2501795620204387e-06
2.7364008315354414e-07	1.1727223439431435e-06	9.254119251936537e-08	2.6831985792474425e-06
0.03562978364496789	0.03669595451318117	0.035987911290819546	0.03742243917034235
4.587214218668866e-06	3.3373477921404156e-06	3.900677065457208e-07	7.138533874096375e-06
9.382179001124006e-07	3.6850894041114884e-06	5.527965836619021e-07	6.6878685103369474e-06
0.034930774373392974	0.03551430480746558	0.03479053549274703	0.0362107562864232
4.708743829603049e-05	5.78551602040876e-05	4.3481689930194436e-05	7.245200883179019e-05
0.00013519162782082156	0.00013681950321561167	0.00011462957376826143	0.00015981067929151697
3.8488326142594255e-07	1.4150828401801658e-06	3.228012422467848e-08	3.8935125386750595e-06
0.000240634302792111	0.00024489478388275564	0.0002144834728394887	0.00027577663503062215
1.8870665481724103e-05	1.8782421831475682e-05	1.197332924927488e-05	2.746735692464962e-05
0.03522811580048292	0.03563349121578084	0.03489878271802312	0.03629817872785725
1.6977189384697036e-05	2.28410413272944e-05	1.4755346816731274e-05	3.260696419878757e-05
3.4020655817641077e-07	9.918379050085857e-07	5.722477541024044e-08	2.929230956125019e-06
6.682110700497738e-05	6.24096846612847e-05	4.775982077578791e-05	7.854756114927686e-05
7.278543675203831e-06	8.289947924060359e-06	2.5649774405525915e-06	1.4347765038635337e-05
0.011280397073204941	0.0113339874015761	0.011073784434660153	0.011601532140778553
8.19533836851917e-05	8.369207730715502e-05	6.736356186804013e-05	0.00010148294565015877
0.00010343016964695031	0.00011254903726566203	9.396686662765472e-05	0.00013442110785790869
0.01828740600633958	0.018352675468257192	0.01797315780349864	0.01875170027140502
5.445877101102776e-05	5.0695124228999194e-05	3.7940686308681224e-05	6.514329892648679e-05
2.3997236058555123e-05	1.62198910620086e-05	8.16080636921859e-06	2.3352835539534123e-05
7.393561876491286e-05	8.865976248465502e-05	7.0947738332293e-05	0.00010582620598114665
3.082568446779564e-06	5.610445974320003e-06	1.5202533358852211e-06	9.992844258154111e-06
0.02887155689442952	0.02922896827725621	0.02865854607078523	0.029787260835376042
0.022920253855750118	0.023102891379347512	0.022601234458237432	0.023543833342841488
5.997938665572386e-07	1.1397818773738171e-06	1.731278922001653e-07	2.809953830533925e-06
7.725740752678701e-07	1.9462796444676157e-06	1.8912758178981168e-07	5.4872960237322604e-06
0.010634355485159125	0.010762435297983649	0.010496203353559063	0.011015002284197554
0.00022977118582801496	0.00019951750401052	0.00017551653596033258	0.0002273552890307137
1.1933709296448834e-06	2.3401771206646473e-06	3.509438499927637e-07	4.823929670578136e-06
2.1442667508654054e-07	1.522371950215821e-06	3.08750518251047e-07	3.4887002465081046e-06
3.48505224870018e-05	3.1682948346333076e-05	2.1818561347455634e-05	4.211415737589031e-05
0.012059614526083352	0.012078208272678637	0.011821751323576818	0.012366258603611343
2.635030183599651e-05	1.3615032609488581e-05	6.745373918459143e-06	2.0679307441133217e-05
4.014162995132862e-06	3.3999777252084184e-06	8.776384435848799e-07	6.7754850815122315e-06
3.0010202471434633e-06	5.1887251345121575e-06	1.1837307217879936e-06	9.959332155678266e-06
0.012930310550773335	0.013136941231120202	0.012824153377430888	0.013419269509717224
9.748304667231418e-07	2.0596700769729777e-06	2.8174339004304865e-07	4.419209032262767e-06
1.3756216410006418e-05	1.3199168615729765e-05	6.103023312747534e-06	2.0111537442100576e-05
5.930425438713989e-06	7.310012039586631e-06	2.8077825634228338e-06	1.2496519286238833e-05
0.00018676443391198196	0.00018059449172812985	0.00015201453458111837	0.0002055061495866783
1.4890523264284292e-06	1.843146761258604e-06	3.52251130109547e-07	4.49812477264188e-06
2.9559546582221986e-06	1.022705959631698e-06	3.057344178689829e-08	3.6560181982222076e-06
0.0004170466351110217	0.0004285116172325639	0.00038162491636613874	0.0004682114233261161
3.265952538062899e-07	1.5011705565403916e-06	1.8725999881771488e-07	4.0753825934376575e-06
0.00016669766449141756	0.00017312937383705124	0.00014963219456772035	0.00020455766130029777
0.0037131033009608584	0.0035883515426050785	0.003478185310178419	0.0037218546827285292
4.0009335989326385e-06	2.7104057166229558e-06	1.6534893096610163e-07	6.819015551566094e-06
2.9870531945572918e-06	3.6766306973060097e-06	6.23684276133417e-07	7.006506670378989e-06
7.128577904649205e-06	7.311819488223753e-06	3.1874569271387636e-06	1.2313698236551726e-05
0.00011125795293140326	0.00011207010349736442	9.43914457419854e-05	0.0001357150032388689
0.0002534727354036685	0.0002561213774753406	0.0002235906941988555	0.0002879844757674159
2.2323413989771035e-07	1.7106635010503756e-06	8.500661512807389e-08	4.578186812031236e-06
0.0004175971569693771	0.0004325388645970095	0.0003883566126837074	0.0004711337844993636
0.0010987833415081725	0.0010648344982743683	0.0009981298220757126	0.0011288160736232136
0.0031369533946695905	0.003221384029294674	0.0031024701503990135	0.0033313493395003826
0.006576739521035071	0.006585728213298838	0.006399831431436039	0.00675933036264386
2.0065994627097615e-06	4.711386735882749e-06	1.4290020881436347e-06	8.356914753735568e-06
2.0722430225283667e-06	4.5322668023134296e-06	1.213943852730875e-06	8.596027600947939e-06
2.9056597270967233e-05	3.0913513690917874e-05	2.058428137688744e-05	4.412742266674542e-05
0.00035488914225358976	0.00038999483432096654	0.0003513513766368049	0.0004290769512949434
3.101942398517558e-05	2.6320187954922458e-05	1.4848978552099583e-05	3.641654202742242e-05
0.004493182125313766	0.0045061368911363	0.004371147290410323	0.004650661477212554
1.1390328383420555e-06	1.0310832798958576e-06	1.8649528162187374e-07	2.5380314800665115e-06
0.0429807729526994	0.04275206566624578	0.041971551191791946	0.04361129640573348
9.461034787072214e-06	1.2291352873009999e-05	6.739011280279072e-06	1.9812076757659615e-05
0.0014507816954796849	0.00148929493974757	0.001410618366204441	0.0015587698957475302
1.5964395333190913e-07	1.0993973380354755e-06	6.571872194619848e-08	3.1104318672776544e-06
2.239061283324341e-05	2.042390903358718e-05	1.1691343799133036e-05	3.0130688306143084e-05
0.00020947012830901406	0.00020588176484241153	0.00017840029451145773	0.00023300459689736246
0.0007071777424332642	0.0007173507194582499	0.0006692720264275971	0.0007719010575479754
0.027447674767787776	0.027913564146134526	0.027362374511646508	0.028480743602281408
0.006743104632021933	0.006812892176234066	0.0066147575904246724	0.006993430405486784
0.0001054229241167206	0.00010658689668405397	8.725771729095648e-05	0.0001288252553372571
2.7698880776224515e-05	2.4038073213980525e-05	1.560475231914355e-05	3.45048402013209e-05
0.0019942028391714273	0.002015695254727848	0.001932658601350154	0.002104997988518872
0.00032663861316601224	0.00032740783319700086	0.00029301182438370234	0.00036460275059546925
2.831809638360405e-05	2.4370097063183837e-05	1.4974245623860421e-05	3.4453557199057764e-05
0.00026380858454437133	0.00027524639866998894	0.00024027275251481953	0.00030725448497051375
0.0027820148323945467	0.0027216055973093823	0.00261512259704682	0.002818156496562545
2.6081006099324774e-06	2.916312353664583e-06	6.974145955545149e-07	5.688717796002826e-06
2.0484247127873378e-07	1.3571805694651655e-06	7.851695505296657e-08	3.6690901174612376e-06
2.159905054854577e-06	4.522695263882129e-06	1.7410123724805196e-06	7.857487047733232e-06
0.0036371018969010623	0.0036104868124331745	0.0034852643788869818	0.003733726980714869
0.04173747385211369	0.042156385149655654	0.0413724997837303	0.0430130525374146
0.023497859829623435	0.023555363686032144	0.023098514469807156	0.024111428488523108
0.013017200135963325	0.013261510818475715	0.012944984746902696	0.01357530575216525
1.8789681607613994e-05	2.3292968914177843e-05	1.4089470845999341e-05	3.376363674806873e-05
0.01487531483207014	0.014906476062175001	0.014615270221480518	0.015291822445302139
9.262781661602265e-06	1.0092449950015783e-05	4.218445358980433e-06	1.61191707175142e-05
0.003371703493935977	0.003367627862825267	0.0032475288141648843	0.0034952579768575444
0.00040149688165100203	0.0004137873317715126	0.000372977632209725	0.0004533901995641346
0.00853344265824069	0.008586925608613905	0.008377381217303375	0.008834007454655266
0.02800671401915189	0.028172532753403624	0.02763139160008479	0.028743815139405767
2.2037079357593128e-05	1.4865328249137008e-05	8.569231880574407e-06	2.2047667129822116e-05
9.704434980213606e-05	9.913476990007568e-05	8.045983666444616e-05	0.00011871717367487619
0.0009144257670344166	0.0009441530922935008	0.000882633379067087	0.001005421921296495
4.769089853339648e-07	2.032738613316439e-06	4.286918533110453e-07	4.222502401120913e-06
0.0013811521178003904	0.0013966466789754716	0.0013184870163857002	0.0014639012037516242
7.992480664900287e-05	9.828011506393563e-05	8.099595414996425e-05	0.00011942382699181774
0.0007537182364949729	0.0007545305513910314	0.0006996649781378522	0.0008125175890501282
0.0259352434752759	0.026158364006967878	0.025598784243826455	0.026658894764835416
0.011275418891601193	0.011358971979785883	0.01108569239214689	0.011598530652923378
8.053173260618733e-07	2.2464492893840623e-06	3.502444935911232e-07	5.155383328455014e-06
0.002738740248586802	0.002756546220776166	0.0026497630415785057	0.0028661230644107224
0.0002546508891308148	0.00026008205003193977	0.00022711787658882257	0.0002931103352221874
0.009326067318281304	0.009411067312313075	0.009175345355273853	0.009630325399897667
6.063162954542542e-06	4.153892601311274e-06	1.015586321024672e-06	7.810961930385655e-06
0.0006552504491544898	0.0006322569680376359	0.0005796889188408033	0.0006799367170906694
1.9875913509817914e-07	1.2051591279543713e-06	7.054845494094955e-08	2.8967472447210614e-06
0.019997388810513283	0.020037669111526542	0.01963237013041219	0.020448164238200874
0.013526552326966312	0.01356725758702383	0.01327479667941546	0.013904119920129717
8.593525291907918e-06	8.322057276368203e-06	2.563356105556807e-06	1.3572961101306298e-05
0.003158250003774653	0.00317748424706899	0.0030444481164781183	0.0032991435732906155
0.013778018200526794	0.013711168209168068	0.013415814416646618	0.0140569598401847
0.000257933324549132	0.00026630498219791586	0.00023314290001694133	0.0002972639063541361
0.0023541885278542288	0.002343196844499022	0.002242516320407143	0.0024433267647482487
0.007991125495401603	0.00791250648242038	0.007717738044056918	0.008124874474795775
1.792593198816271e-06	4.909911046961039e-06	1.2468735699927336e-06	9.034430692372922e-06
1.5861684667258915e-07	1.2361491311787033e-06	7.079573970452205e-08	3.6572186339370565e-06
1.1235988097654736e-05	1.1245531014382703e-05	4.985407784165897e-06	1.7853425136664642e-05
1.890263942549923e-05	2.539088554044106e-05	1.687140036144321e-05	3.460781043816849e-05
2.4561908246098607e-05	3.223259581810223e-05	2.1312146346641252e-05	4.5261501900692955e-05
1.5705368488922843e-05	1.666489911794363e-05	9.54604442547347e-06	2.4666338485819957e-05
1.2862108665481899e-06	3.079691034764773e-06	6.653540339664112e-07	6.457463587113087e-06
1.606370518808987e-07	1.4376380926393419e-06	2.0428689463302385e-07	3.622736243073953e-06
7.541696150224111e-07	1.9660414416645865e-06	4.2775980749889923e-07	4.31611289423796e-06
0.008490474066752138	0.008448402374709712	0.00822429253653696	0.008650517051959924
0.045564972105457596	0.04670002738057028	0.045898689419261736	0.04755040061463137
0.0024043033138015537	0.0024619020236268884	0.0023662395045320255	0.0025646663033179005
3.3016840892037376e-07	1.2647598023230247e-06	4.7619058284970666e-08	3.813231478572888e-06
4.6801991203434547e-07	1.4674539916255501e-06	1.1659222032796616e-07	3.964920208945848e-06
3.961155207076043e-07	1.041322050891559e-06	1.8894019578121652e-08	3.0695003303835337e-06
1.3083988528308683e-06	3.39978724687381e-06	1.2580523038208282e-06	6.321799786365388e-06
6.172214026326518e-07	1.1360553144293516e-06	8.065229057961454e-08	2.8079598094290657e-06
4.859245916456056e-07	1.5951775575343073e-06	3.7337941945107766e-08	4.563276106565819e-06
3.53631617635329e-06	5.177384066436982e-06	1.8127924860317081e-06	9.139256207559817e-06
0.003932807587146178	0.003935431665258053	0.0037919791438227385	0.004066089738578708
0.00018535190586325325	0.00020297714619157663	0.00017829602477952854	0.00022968030867068467
1.5298503662841134e-06	3.0614856969114664e-06	4.439470073047595e-07	6.243325945619381e-06
0.05478746097436471	0.05645696490080071	0.05545062382897397	0.05760122433757716
3.0093524295892237e-06	2.099519332122823e-06	3.877448358460437e-07	4.008167028900818e-06
1.3996357173953574e-05	1.3513134850114156e-05	6.875129415642266e-06	1.998429780399882e-05
7.754368155880778e-05	7.891577791553068e-05	6.383104924706898e-05	9.616392155703735e-05
2.128525372582832e-05	2.0653130015617396e-05	1.1567308772093092e-05	2.9605716410453447e-05
4.415506624773256e-06	5.501948390006575e-06	2.138328399941286e-06	9.236772645318057e-06
0.0005407987690561511	0.0005403161506648657	0.0004945751154534334	0.0005882655447070536
0.0003452680448030526	0.000330518510625394	0.00029616618072631363	0.0003654148007798063
0.00014265245345667792	0.00014993740627052785	0.00012638851910549124	0.00017373533080321634
0.001050691103259586	0.0010712280698612184	0.0010053956036940282	0.001133684344447177
0.00044750203410133624	0.0004346092540508268	0.0003880246027576054	0.0004722536586808716
0.034052242874786476	0.034284442656636965	0.033685018427556584	0.03497174807508112
0.009060081774380986	0.009113034485547447	0.008888604272763228	0.009332602632451418
0.04032664478411885	0.041016940943910424	0.04025891171048807	0.041765849215414125
0.0021753584816572697	0.0021681732034564945	0.0020757731875951533	0.00225960520853868
0.00021950039465441518	0.0002457271163865665	0.0002146616058655717	0.0002760729456927685
0.0015940095470424098	0.0015709214716675512	0.0014895564347656716	0.0016502840433922938
1.3185767770835218e-06	1.3931250294837269e-06	1.3566021415415655e-07	3.524058091102812e-06
9.59240447343281e-07	1.4434220161272646e-06	3.274553151955624e-08	3.871964781714294e-06
7.838159688099588e-07	3.370690248006266e-06	9.007757973413885e-07	7.079802328993255e-06
0.01300653733004001	0.01310022898690524	0.012790022927017627	0.013372815714910181
7.710220209305908e-06	5.406752727896075e-06	1.2322784383827545e-06	1.008691273071852e-05
1.610525215412778e-05	1.6183016386657775e-05	8.614565366588551e-06	2.4771253008564312e-05
0.02457103441777117	0.02409469921664489	0.023639726074707344	0.02456402434237313
0.0050748572574218775	0.005295673590108225	0.005114638801452167	0.005447429011971707
0.05183262456642377	0.05290153377390333	0.05193797586117076	0.05401423612373794
0.012126792471839242	0.012444354018979585	0.012165149393729955	0.012725524669050303
0.0471362782738063	0.04814013219860517	0.047258320001240785	0.04915372762207975
0.0004867804559283409	0.000481385932897118	0.00043607101847791235	0.0005230682412976964
7.435977203737436e-05	7.572737423329064e-05	5.8279050787038294e-05	9.038117613097573e-05
0.0005316947578666274	0.0005342076424263309	0.0004929493035280597	0.0005823872601531429
0.00016422122967522446	0.000167255844736595	0.00013900625634490941	0.00019125469973445709
1.8460796402466982e-06	2.8851735018516864e-06	2.462830677066223e-07	6.2544948039714925e-06
0.0011650436663936557	0.0011714291177401096	0.0011077217163850605	0.0012359515767932448
8.101424421514274e-07	5.244998442584222e-07	1.0251317097664062e-08	1.5828820396247045e-06
0.002115169224556497	0.0021510604061228213	0.00206449984830372	0.0022507837379550305
9.44165990389921e-07	4.3786492577977205e-06	1.034664260375015e-06	7.650006774116493e-06
3.943645519665761e-06	2.903561680952545e-06	3.488787137631459e-07	5.803290159235429e-06
0.0002638644406976123	0.00025518233722747165	0.00022354020254686718	0.0002827001066489152
0.0011520010624597545	0.0011231586918053547	0.001052412360748812	0.0011875496763564782
0.00048008625313272584	0.000504628916616923	0.00045943114139856636	0.000543426139871543
1.123460171893059e-06	1.2085706799465722e-06	1.345596501124367e-08	4.3353411208414196e-06
0.00023246592280346705	0.00023535324085536535	0.00020747256813387742	0.0002626102787034076
0.006165878519647508	0.00610538265467464	0.005879690639744451	0.006269260440321841
3.1768097777624283e-06	6.3961942981099035e-06	2.3234604245975986e-06	1.0919925509860277e-05
1.1122554707247351e-06	2.1521954120306162e-06	3.1500502907470723e-07	5.276972015142673e-06
0.0007988469276860166	0.0007997933360207698	0.0007382935349780765	0.0008551768454568298
1.2888653380329463e-05	2.1184884094765766e-05	1.3115949405195522e-05	3.0352468531853804e-05
0.0012909311358015683	0.0012512234442158742	0.001181363598060902	0.001323865365923247
0.008017981514029571	0.00796512418896272	0.00775047775637702	0.00816225665890855
0.0007783099077156934	0.000773922697115957	0.0007193673662302459	0.0008353640302982717
3.858227798228836e-07	6.018898147607862e-07	2.107899701404155e-09	1.945581802703296e-06
0.005191382915931352	0.00519235627733495	0.0050263435271870405	0.005332056820911519
0.003166583680027352	0.0031989955990005194	0.003078592222932072	0.003308918589628798
6.914238926405084e-05	6.930941675970517e-05	5.32978790858864e-05	8.493446370891707e-05
0.0006560203776727703	0.0006552872332250603	0.0006102998641365706	0.0007067527088196523
2.7018482291451284e-05	2.449100752130164e-05	1.4948462954351006e-05	3.314610827478643e-05
0.00017167897724185217	0.00018160619524283176	0.00015719044909316498	0.0002090700943635284
0.00031807806968567207	0.00028702917149260577	0.0002543804127416355	0.0003231422875102485
0.0006056730101440029	0.000591692131987939	0.0005484662933184639	0.0006419508197997907
0.0009484296716015567	0.0009366445338033659	0.0008763111235679201	0.0009958017416242951
0.003871978173525024	0.003930611137861794	0.0038088914128521045	0.004076465184479468
7.026815438207597e-07	3.000423771806614e-06	3.210594660116125e-07	6.319502811315197e-06
0.00015872327078331365	0.0001590476538906975	0.00013434223953139577	0.0001845763587377791
0.00031217238336167546	0.00032392431663944937	0.00028923631378347436	0.0003612910796516898
0.02327857070470524	0.023552956867801556	0.023085473668642355	0.024050646045519028
4.191274944317593e-05	4.451035340775881e-05	3.286676403124894e-05	5.888309312795987e-05
4.564730162317815e-05	5.8397048831133795e-05	4.411900282205969e-05	7.323203271460517e-05
0.00032165360662544636	0.0003235932405968772	0.0002880363577721616	0.0003580757796840374
0.002717068778613567	0.0027728589233943905	0.0026654193841502234	0.002878380783898949
6.525077081372227e-05	8.034025068589407e-05	6.396782417374258e-05	9.694914712736461e-05
2.0188816159294164e-06	2.9643330345541263e-06	5.892487738323767e-07	6.541639985546262e-06
0.0012455516863240771	0.0012541274325725874	0.0011875563412921347	0.0013252396893266563
0.00022331571907511434	0.00021480110730660016	0.00018764181711062005	0.00024393162337754722
0.00037079221437548367	0.00037847089375129227	0.0003386036243705522	0.00041569187998519836
1.2747608102719084e-05	1.6953093306376834e-05	9.033786927187641e-06	2.4924975715936704e-05
3.6814340018129907e-06	3.3010355281194803e-06	6.801977045495204e-07	6.7815714020340785e-06
1.6186791296194924e-05	1.85181092783254e-05	9.501756778374346e-06	2.6418041237016457e-05
0.011440536928946534	0.01147132063236093	0.011196601737155665	0.011737942572714063
1.1882672434158612e-06	8.077082737536056e-07	8.303773412904091e-08	2.7881794343988907e-06
2.928242486516198e-06	5.348613490570717e-06	1.7010064885922896e-06	1.0013599825197016e-05
0.03396280582403004	0.034938979193377705	0.0342821936558619	0.03561630800508427
4.5216316014835455e-06	3.6234480022063895e-06	9.725659121542246e-07	6.6828755128041274e-06
1.9691901688165317e-07	6.671433055885494e-07	1.714186478730716e-08	1.9070735681425012e-06
0.0002969060840068569	0.00031720508928597714	0.0002811408576426385	0.00035070826487615327
5.634745606884601e-07	2.3880827417896143e-06	3.7130016696339173e-07	5.148140747451575e-06
9.870272494435004e-05	0.00010229327983837718	8.396038561653651e-05	0.00012216447827770964
2.959169714304103e-06	5.434279475352036e-06	1.416677392955498e-06	9.709252220742155e-06
2.868584938784594e-06	2.7107257243260762e-06	6.251302458904434e-07	5.473899136204124e-06
0.0006246404089138727	0.0005983352714344309	0.0005552046541137864	0.0006510898563876741
7.755768115544367e-05	7.779594603130831e-05	6.286519756275907e-05	9.438744476304915e-05
1.0066671054665765e-05	1.2239874283955383e-05	6.2077528190951135e-06	1.9470490956110732e-05
0.0010670257236676847	0.001115484211997486	0.001050809265279003	0.001183403303143093
0.004857817960451613	0.004835283753693781	0.004685742222854315	0.004974610271074115
0.004271359264544531	0.00427232438574984	0.0041426733364386915	0.004423579705883375
0.0005650629007219038	0.0004954103968131809	0.000449088815885123	0.0005355577895697668
0.0032782268457524715	0.003186004757670239	0.0030803584792789235	0.003318985013853415
0.0476776537259653	0.048536030101097576	0.047649118113014144	0.04957428141667707
3.877516210322228e-05	3.391309853020304e-05	2.3364260642123903e-05	4.444227943293453e-05
3.545660391835465e-05	4.1192893968790624e-05	3.015698302586111e-05	5.50092272306662e-05
2.9885172889749533e-07	1.4953553438489909e-06	2.112130858010367e-07	3.627004330602673e-06
0.041258194906853896	0.04313327271696296	0.04227804540721795	0.04397143845620355
7.920024666791505e-06	9.107197323070848e-06	3.886536110410315e-06	1.5155656659517079e-05
2.0583951503632862e-07	1.6776005705123732e-06	2.4282757329043162e-08	5.067547854920131e-06
0.03262502713345499	0.03382195818077068	0.033176292592303265	0.03447157283540667
0.0001169818321501898	0.00011514588417243469	9.430041983735263e-05	0.0001371418403918538
2.940161186495294e-07	5.678437815224744e-07	9.560479084950904e-09	1.8760607913192294e-06
0.003746090380236168	0.003690304493471502	0.0035672596984313797	0.003828315580854712
0.00016772312966851802	0.00015115231031343664	0.00012877713561060516	0.00017616962456352725
0.0008410832869584506	0.0008699915078641082	0.0008138741761587738	0.0009277515747245025
0.0008428992293994772	0.0008629359397017857	0.0008090951527757359	0.0009240895756940959
0.0008622740967244957	0.000849957663647438	0.0007958604831463511	0.0009083931390552171
1.5616520568625425e-05	1.9019289183710532e-05	1.1928184743088467e-05	2.77734725463124e-05
0.00017181787034432843	0.00016491052843149403	0.00014004801040077113	0.00019133842217539937
0.00032940930793812814	0.00031683155857535064	0.0002855056046906672	0.00035190142178681837
4.996209797212636e-06	5.3537021399161495e-06	1.2868508364293505e-06	1.0384045205036497e-05
1.531446843355731e-06	1.869739310449028e-06	3.182621051063206e-07	3.807122354528187e-06
7.156652537132584e-06	5.275514769953596e-06	1.628933668089841e-06	9.281660735807606e-06
6.608084395873932e-06	6.265463756486232e-06	2.2066571992993997e-06	1.057599028524626e-05
4.655194934890836e-06	7.637684175419787e-06	3.3959776997872035e-06	1.3013492676925826e-05
0.0001259494500423764	0.00012837216063154425	0.0001067128740106608	0.0001501230886256598
0.01176667298176731	0.011774726415333505	0.011488904941188963	0.012027150026830464
9.867906529586583e-07	3.5424595566220163e-06	9.124223381492821e-07	6.540156891699349e-06
3.0362960958577504e-06	4.74044927027404e-06	1.302400560072193e-06	8.471033827785363e-06
2.5411083077046074e-05	2.6869548826003117e-05	1.7102340461825314e-05	3.666979798055664e-05
0.03749967511875413	0.037974810888273904	0.037269285434387456	0.03863593787131764
0.00018491571291793965	0.00019555599632223723	0.00016946890911962746	0.0002235032888874458
0.0005405543359785987	0.0005638932987357908	0.0005196701932702713	0.0006114599548589559
0.06289591036342185	0.06486487553046655	0.06357544807084727	0.06603913887247656
2.3942732056546416e-05	2.4560224239265118e-05	1.5937853378941958e-05	3.355442508869061e-05
2.2593862230827712e-06	5.427275600002353e-07	2.702206369891287e-08	1.5883288139004514e-06
7.749770440597864e-05	9.272403214295525e-05	7.438119441850265e-05	0.00010949824913502682
0.0010665603526694625	0.001104289603044089	0.0010367478607463797	0.0011650264730363516
0.012312565882033881	0.01246224941548499	0.012194627470839377	0.012757652703301908
1.8704892761659967e-07	1.4995809639649754e-06	1.2757039276962005e-07	4.527811009936665e-06
5.0898725182841585e-05	4.3435616075600704e-05	3.2264087534898026e-05	5.599117634592635e-05
0.0048886086758428765	0.0047713627552487	0.0046318822237105236	0.004925516336503991
2.040024831302273e-05	2.0861236581729534e-05	1.2149780140406326e-05	2.888553572545434e-05
0.0008489741731987489	0.0008727997228410303	0.0008179328436823067	0.0009318748228497225
3.38081203760684e-07	2.623203465907379e-06	3.8875331069201933e-07	5.950559300795397e-06
0.0002456610462553055	0.00024032213134118384	0.0002116016390658427	0.0002723450115143496
3.7991232361170225e-06	3.3218236966493923e-06	4.1002904698230835e-07	6.540705954749516e-06
0.005920548304428106	0.005883687476502965	0.0057330316612045976	0.006081282410185123
0.03113038292059711	0.03170611345253276	0.03116748762435072	0.03233732665800743
1.3442767583378573e-05	1.3770145766738292e-05	6.186931825706387e-06	2.1360311229347153e-05
0.01059085489902897	0.010600343032853825	0.010368174994709885	0.01086332339293677
3.1343379166111454e-06	5.481707790461745e-06	1.60206370262489e-06	1.0787222911295296e-05
3.809515842818086e-06	4.9802639847403045e-06	1.5783838874125907e-06	9.925308676809301e-06
0.00017620884426711945	0.0001886950277065414	0.00016438894535913186	0.00021792609207384357
2.318122171173154e-06	5.787671118084855e-07	7.386004849294507e-10	2.5217792113218948e-06
3.630676244482534e-05	3.7713086267462334e-05	2.6544451798229022e-05	4.8744946855858374e-05
0.0021440549243596984	0.002150592213036255	0.0020579981012338756	0.002236054789223864
2.340166895652061e-05	2.0009084960874268e-05	1.1081180290671228e-05	2.8696554486695885e-05
0.03670529775429233	0.036970422225312	0.036260583949988226	0.037671442724029586
3.3753353951691456e-06	3.81999713781923e-06	1.2136409257437013e-06	7.3313561166679755e-06
5.522610026523542e-06	6.977732365738794e-06	2.3754654661566615e-06	1.1946427953927087e-05
1.96424200315494e-07	9.84905434671554e-07	2.256082269739025e-08	3.3430890958479314e-06
2.387139756197557e-06	1.5646156040431988e-06	1.3237060205834866e-07	5.04060306378936e-06
0.0012087636473467956	0.001181689603401603	0.0011134137255942014	0.00124172119924746
4.166642476988225e-06	6.214136527489485e-06	2.049304953789196e-06	1.0378719757066632e-05
0.02612643835316432	0.026520752904791278	0.026000574359572953	0.027030771044956006
5.597392270810068e-05	6.80964004568627e-05	5.342617935992864e-05	8.496379086138836e-05
2.583282060224639e-05	1.6367630664211935e-05	8.534235305840313e-06	2.3115269733679153e-05
0.0030799506897555068	0.0031328099252594904	0.0030235089148964544	0.003257576734729832
1.718900071505416e-05	2.8544017393554306e-05	2.018923386081448e-05	3.9906125041024966e-05
0.0008815145142030125	0.0008922263264662327	0.0008281777398715773	0.0009494710628400085
2.482034885813717e-07	1.3069054608796997e-06	2.1248635840941908e-07	3.207447580413931e-06
4.9258028406198456e-05	4.080009926795777e-05	2.812883167188289e-05	5.1891652981620206e-05
0.0581554529071886	0.060209125547430964	0.059058497690678606	0.06133554380264204
7.010466337281866e-05	7.548009272419516e-05	6.0291642617159615e-05	9.244534124079426e-05
1.2080225359924687e-06	3.0018128676442033e-06	6.918348086906671e-07	6.171081208799986e-06
0.0003301316444764144	0.0003496324382991626	0.0003137069508796524	0.0003833177441108372
0.0002325835830577351	0.0002515148308113287	0.00022011837640638053	0.0002820394816787762
5.111616188930809e-05	4.5043173313412154e-05	3.201428016432767e-05	5.851291743170743e-05
2.178109011686598e-05	2.192612845657754e-05	1.3614488262818034e-05	3.113777782722825e-05
2.7364314867616374e-07	1.1207987341216674e-06	6.232863548218085e-08	2.632853810955702e-06
0.0020770076157871184	0.0021543209467672166	0.002061083476761616	0.0022509910630576207
0.01659402248232403	0.01668483831201703	0.016330175476295554	0.017057234917672526
2.6190181896027173e-05	2.323999588763063e-05	1.4148839363962335e-05	3.4068181778745485e-05
0.0012143104294232848	0.0011607130685134502	0.0010939492809271007	0.0012286878156468474
8.904697183612818e-07	2.554802640503608e-06	2.543876709007067e-07	5.927609969645111e-06
4.1157699554078875e-05	3.968240440704611e-05	2.7437413739687894e-05	5.090913411575775e-05
0.0037520461253143767	0.0038570473192418636	0.003719557010274634	0.0039860245289703835
0.00019783070288528724	0.00020810268659891414	0.00018171033296853097	0.00023618910853127648
2.0098746441143655e-06	2.0216738077526832e-06	1.7576677100923097e-07	4.4082036647253695e-06
0.005209975545183707	0.005248441584833097	0.005079582066024519	0.00541471265738796
4.10432656809044e-06	5.854721279666998e-06	2.049689688487457e-06	9.783964357844454e-06
3.6035791323752087e-06	3.799467877599205e-06	9.214848531206877e-07	7.484113454814962e-06
0.005480110179978322	0.005667050050205001	0.00551163827603461	0.005821473183774227
0.00010886148758908921	0.00010007837974077496	8.174896980888774e-05	0.00012048527474046913
0.02029234021863888	0.02082961033676244	0.02042623152158001	0.02128226501579892
0.019583328515489808	0.01959671586671693	0.019214832681886725	0.020023896440779246
3.0025594829925673e-05	3.290628605573706e-05	2.1858290830551475e-05	4.2660300145337615e-05
0.024457687656249272	0.0249091701736831	0.02437581362402217	0.02542052305711972
0.0003139976716602077	0.0003307458449304447	0.0002987911907641823	0.00036766197287633725
8.895037698018473e-05	0.00010350285014393027	8.332114063079547e-05	0.0001246299659312839
1.2633917884817692e-06	1.5296004856205307e-06	1.0714665140677478e-07	3.689154025054611e-06
5.050940596105504e-05	5.3968047829093044e-05	3.913205756023643e-05	6.878279818327332e-05
2.1707646697781366e-05	2.810501571338152e-05	1.920056194258712e-05	3.8687566962574203e-05
0.004210045773461961	0.0042462106655528666	0.0041182309158844365	0.004389268523450447
6.031007691956172e-07	1.6759415397034432e-06	1.7393632251605343e-07	4.015354368261776e-06
1.4288895507821644e-06	1.9540211144081424e-06	7.580037585333939e-08	4.709541769606624e-06
3.0610453987269144e-05	3.5574402864758435e-05	2.5205033924971055e-05	4.7645522067255205e-05
0.06594447533800453	0.06792460316676971	0.06683550882071514	0.06932816305559557
0.00013830068345474373	0.0001409083806027105	0.00011852343939520013	0.0001662981832916575
1.1132198191992956e-06	3.7122250702794564e-06	4.720071377572697e-07	7.142373528732465e-06
0.00013792579231464917	0.00012734627592009723	0.00010852074584983292	0.00015118929716349485
1.2642054921823324e-05	8.372437227605723e-06	3.4208623903886012e-06	1.408180167049088e-05
1.543360412652172e-05	2.102723563742262e-05	1.2000185869532988e-05	2.969818287096202e-05
7.022152714831274e-05	7.485660072400101e-05	5.851308660020741e-05	9.190176941973235e-05
4.457204826281503e-06	4.375007773358314e-06	2.770456962213941e-07	7.923601231358214e-06
6.471867292278259e-06	1.3853975731031084e-05	7.648944977364985e-06	2.1126609705338277e-05
0.00011321357405265907	0.00011940418267719702	9.991246402631856e-05	0.00014315083646414798
1.8987978897514629e-06	2.1837448038355107e-06	1.7619236403234723e-07	4.996030757443556e-06
0.00012049266688188657	0.00011720505496354706	9.67404919052778e-05	0.00013627498204971263
0.009536891780698999	0.00951507086457868	0.00929170552771384	0.009755313812945513
0.014631296912301476	0.014646474554803592	0.014359899479658276	0.014986537827354074
9.308811690451725e-07	5.672241753995553e-07	1.3769595372796657e-08	1.9543950001295964e-06
0.000817385982296949	0.0008219316111195097	0.0007687197533540903	0.0008772063636810518
0.014039342226777012	0.014061266517278913	0.013761501333233828	0.01435901885949379
0.0002344232633214221	0.00024313267320327613	0.0002137368236346371	0.0002719323189726933
0.0012714398725558334	0.0012769626622504472	0.0012059705582364018	0.0013420415569040868
0.00015397057591744765	0.0001466253769639696	0.000124406228769484	0.00017256803715157308
5.118693710515116e-07	1.947017802805051e-06	2.914899122400055e-07	4.448905070039769e-06
4.179254127197278e-07	1.910114483850418e-06	3.446649320915992e-07	4.438737971010186e-06
7.607295156040195e-05	5.9726049053676604e-05	4.487823855216079e-05	7.43688640639574e-05
6.136618844650133e-07	2.356097740649946e-06	3.4044316599354984e-07	4.887311539325518e-06
0.001775642412799521	0.0017287029561073362	0.0016516211747538488	0.0018132999475920738
0.0006235626966907254	0.000591842200313678	0.0005483110777135154	0.0006415361100258563
0.03574050442893066	0.036346165403048976	0.03563684008435622	0.03700830587457608
9.6294560487044e-07	2.7651298453335105e-06	7.045876634785023e-07	5.498749787193515e-06
0.017136005145254988	0.017459332774698202	0.01705896902991762	0.017795899351967508
0.0156483818565463	0.015855588584802204	0.015514753495813736	0.016204572218643045
1.99418503046287e-06	1.6378612856938429e-06	1.0165454968400232e-07	4.114013953999048e-06
0.0009228599144958163	0.000957858912190688	0.0009028032543378657	0.001014126106655301
5.4278640704196076e-05	5.6609473297897015e-05	4.293232765127148e-05	7.163167342192016e-05
0.013300314824536133	0.013395141775252466	0.013076725753400482	0.013675263244847668
0.020579840791752277	0.020775848025830677	0.0203681835259056	0.021242405081571953
0.00678740192672322	0.006715512267663533	0.006539392118508676	0.006917066439566347
6.648694468840546e-05	6.49365587722663e-05	5.131166330145897e-05	8.274396001895073e-05
0.0006479350519772299	0.0006529632964883414	0.0006087453611066338	0.0007087910666561077
4.4807395992108367e-07	1.2894120683598766e-06	1.587728976454471e-07	3.3711416751002488e-06
0.0006345810359649598	0.0005942246915276826	0.0005511741463770203	0.000647345102888426
0.00014932026106088294	0.00013506829156022216	0.00011308321828604475	0.00015611363536690708
0.0019710901233565515	0.002017916452501527	0.001925234736026081	0.0021029829046034115
0.0003465383761044642	0.0003559400728734659	0.00032043025482069213	0.00039541250767131
0.04770031518451352	0.04916771779944931	0.04817807507770994	0.050108412586431894
0.0016196149568438892	0.0016092459332984405	0.001530575181010553	0.0016948630703545557
0.025917204686373145	0.02672538855472198	0.02614010706306222	0.027226652340300892
0.00019631674872658928	0.00023886000722272098	0.00020883129691791813	0.0002670226038989944
2.221401561247883e-05	1.9677912398983987e-05	1.1561090981068032e-05	3.0123186654831375e-05
5.890977526721112e-07	2.204276740592372e-06	2.8669109566322636e-07	5.233566880823839e-06
2.4334317091884577e-05	2.532526456235113e-05	1.4849795323117637e-05	3.513766892270331e-05
6.172283717498897e-06	5.4832088238424655e-06	1.9574745056301854e-06	9.841057503974595e-06
3.2648134609333725e-06	5.891537524757023e-06	1.8468674341028204e-06	1.0292424745600192e-05
0.000520162541991001	0.0005057108116173372	0.0004637334540625968	0.0005470445889709905
5.4230653225125074e-05	5.017804395233057e-05	3.609610095322838e-05	6.295633488271882e-05
0.001589214969213349	0.0016565805563656447	0.0015780181759413438	0.0017456881947376397
1.2323589667264223e-05	1.1975372320942822e-05	5.39144519877057e-06	1.7464715508323452e-05
0.0017809835043574127	0.0017921134107761606	0.0017116676762518337	0.0018799831453942
0.00972282769683028	0.00999884258667063	0.009744555199105267	0.010226701721541689
0.0007961401326727031	0.0007730344796065119	0.0007207861953554179	0.0008191910062405498
0.041596110126171475	0.042649531812705754	0.04190471333138747	0.043555402141332904
0.005194703277687908	0.005150028496584656	0.004983848808034212	0.005301856940144841
3.462439883485038e-05	3.944869707087502e-05	2.816874835366108e-05	5.1677820111862434e-05
2.5860672903590156e-06	6.4306476620715415e-06	2.5564667759144177e-06	1.185534534645258e-05
0.0010842924209127386	0.0010521480442532583	0.0009912353029735707	0.001121894640110128
0.03154862681294381	0.03193687541810898	0.03135096158652601	0.032584383092528466
0.0002530963807887651	0.00022641500862168786	0.00019559396975400223	0.00025288409694651005
0.006236662989911521	0.006306828202574429	0.006110781562022496	0.006486574566508426
0.0006466929996616676	0.0006339513917667719	0.0005900018337641676	0.0006848002120089336
2.7125831587268713e-05	2.9184027572424274e-05	1.9204398760521284e-05	3.891981429186011e-05
1.7032547504563495e-07	3.067527035367645e-07	3.5738393561631593e-09	7.722897263138672e-07
9.417367213070287e-05	9.012779669048718e-05	7.420134346672457e-05	0.0001112196446553974
8.071726837668017e-07	2.202857555761339e-06	1.3492486401290426e-07	5.364650806899659e-06
2.598993602561263e-07	1.1092619498293887e-06	1.5384387482218722e-07	2.828577020788483e-06
0.006965997810209371	0.006988234308095064	0.006795082183491072	0.007175006285242254
1.6816592757420512e-07	1.5998222169025604e-06	1.2105670554731628e-07	3.6878614728818217e-06
4.926326882168372e-07	2.034606773519116e-06	6.680014978402755e-08	5.3710463536390735e-06
0.01332021068057384	0.013671699286312915	0.013350070721078683	0.013972732679196343
0.00011566921829675825	0.00010464012316065919	8.69810629298582e-05	0.00012580909074579055
2.985888773033927e-06	2.253487373790049e-06	4.3999941043385287e-07	4.785074541994561e-06
0.00041053676214091887	0.00041207596015229033	0.0003721803479319804	0.00044970074412041647
0.00028921706309048876	0.00027062744932974877	0.00023863798751421462	0.00030247707487619503
0.0012674174874465526	0.0012618809082240632	0.001196500103869988	0.0013355957910989524
2.7710624588784688e-05	2.52013246673168e-05	1.59140801086909e-05	3.5440350916048064e-05
5.332081736851996e-07	1.7265869293078184e-06	2.874335276994676e-07	3.2195811445993485e-06
0.0024451389843117245	0.0025131549553845636	0.0024168248359110853	0.002614171560862371
0.00014433353333663084	0.00014726146958608547	0.0001249399883009392	0.0001725525296455952
0.0004660654912795913	0.00046850967491702535	0.0004286455801100242	0.0005100058855587171
1.6992956223616788e-06	2.1030966586578327e-06	3.760289236067934e-07	4.573371223907947e-06
3.402044834106861e-06	6.488680542905995e-06	1.7418371538933824e-06	1.197153991439038e-05
8.781290424411143e-06	9.540285261100662e-06	4.870442806814734e-06	1.5189966455664444e-05
3.1191213528121855e-07	7.215008761831341e-07	4.1250453504792585e-08	2.042275920864039e-06
0.011767706552478283	0.011939394541615779	0.01164875681171844	0.012205723131414095
2.371197183629232e-06	2.8891042484862623e-06	5.079614157838401e-07	6.3613635250716144e-06
3.6877929064140534e-05	3.667534164759184e-05	2.5214923216711636e-05	4.779308794371166e-05
0.0002321591568833453	0.00022375807024451857	0.000196177068973225	0.00025573180383685687
5.340632485903077e-05	7.149728538030413e-05	5.593493291497333e-05	8.867044456731115e-05
3.1220571430745584e-07	1.5529610554525907e-06	7.98838313090014e-08	3.259157708807639e-06
8.131970036185854e-05	8.205703994448135e-05	6.537246904965897e-05	9.864699911618499e-05
1.839834381690559e-05	2.8583037626840287e-05	1.8774889845759076e-05	3.9103610919981705e-05
0.013314515020662455	0.013437011223762807	0.01315581575011831	0.013748645031533913
6.492897801807654e-05	6.450903428784989e-05	4.9224621949866176e-05	7.862837855552838e-05
0.0003789137518708586	0.00034616938619247764	0.0003118621295156743	0.0003796939920414376
3.317196907969992e-05	3.1031371234089356e-05	2.1727098760293133e-05	4.3397979245214496e-05
4.269089596294412e-05	5.201440881092577e-05	3.9990846696674695e-05	6.77183759160728e-05
0.03381792870230111	0.034765469042221525	0.0340904318154167	0.035388918938318865
4.7089711955629846e-07	1.5514699422965688e-06	2.6849956502189587e-07	3.8128518934944134e-06
2.8606098170042787e-07	2.3746454370159895e-06	5.549799475691299e-07	4.586243607763914e-06
0.0018116681684506458	0.0018144889589528361	0.0017289755161879348	0.0018976419484046754
1.073629667950138e-06	1.0662959973552452e-06	8.19438429607507e-09	2.888251142242398e-06
0.0004981039442746375	0.00045669956750052034	0.000415934541420543	0.0005007459622136272
0.00018754307108204187	0.00020275219897114064	0.00017697337167950705	0.00023023674838113103
0.0010664880580156567	0.0010912071222173554	0.0010205691316270893	0.0011586398618042724
7.562027378895703e-07	1.1398259717036283e-06	8.142039518872438e-08	2.7543338133929574e-06
4.544612113545985e-05	4.234303990389447e-05	3.0853244464135286e-05	5.33416791160688e-05
3.061713621789636e-06	5.1021036075181545e-06	8.267428627852735e-07	9.741083159427732e-06
1.9299132424594125e-07	1.083447627261504e-06	6.917350008880658e-08	2.5993207658648038e-06
0.0008780113845489636	0.0009062147853604749	0.0008513819674899698	0.0009672976966836382
0.00021283788054288493	0.00020260540385294007	0.00017779560792025815	0.00023369437585251592
1.5767781022375713e-05	1.843722339773776e-05	1.0479272110991936e-05	2.6125669666182812e-05
1.3069997021295813e-06	2.0016212555259864e-06	3.337839857130935e-07	4.888732551022143e-06
4.145883890814478e-05	4.191841584033479e-05	3.069661030730845e-05	5.3688815700389305e-05
0.002650359489811983	0.0027259221644364466	0.0026202471806834023	0.0028252687537360316
2.9781680437055475e-06	3.4391634267303166e-06	7.163024669209209e-07	6.732698908467483e-06
0.0014252757158767818	0.0014793063538906337	0.0014086651389471298	0.0015688363804230068
0.002667767329084744	0.002702653417737639	0.0025914381369628115	0.0028140111522852204
0.03451047037966998	0.03500969980564909	0.03432993317024394	0.03572583358885285
2.677309770788355e-06	5.982027090748825e-06	1.98106170575872e-06	1.0570467923871507e-05
7.129276027166674e-05	6.815281226008762e-05	5.2353093261862715e-05	8.476644402667192e-05
1.586784435725807e-07	7.692976517927046e-07	5.491191991583786e-08	2.149019502390509e-06
5.570057814746474e-05	7.413377364630994e-05	5.905405804781317e-05	9.218369906805863e-05
5.41379666605611e-05	5.107440711866303e-05	3.681749301878675e-05	6.456196406411166e-05
1.8897574796681843e-07	1.4719338850852465e-06	4.358825516328812e-08	4.000718061340489e-06
8.257765716763857e-06	5.4668663116326925e-06	2.0623814426778184e-06	9.645448968174807e-06
0.007236628191567996	0.0072684824011816215	0.007098097750871527	0.007473690566251822
0.005179196455581239	0.005082585118079357	0.004935166948790245	0.0052436665519464045
0.0037786770753922266	0.0038341016923100902	0.003686323570353457	0.003955254963758419
2.47150971749712e-07	1.1300496032380682e-06	4.9975188364518825e-08	3.488382038205498e-06
0.00966433643480198	0.009672899781320615	0.009446558360563552	0.009918266739439345
7.127096341158431e-06	5.802855576562615e-06	1.6736331869116487e-06	9.902624037978612e-06
1.3632758748002303e-05	2.7400919846905204e-05	1.7239001033897278e-05	3.76589528354756e-05
5.889345762664613e-05	5.1933226666616824e-05	3.780586120832898e-05	6.59930482876159e-05
7.068915320383091e-06	6.029815162328885e-06	1.348037459118921e-06	1.0669663452795993e-05
0.00019447842292428865	0.00020057143879599143	0.00016798926996749235	0.00022682372983728137
1.5770288205453097e-06	1.178820935931842e-06	3.5249762574353446e-08	4.150058974169781e-06
4.015819488625314e-06	1.0691922703140175e-05	4.9549283280114155e-06	1.7835765910105464e-05
1.949390227038065e-05	1.644211512621575e-05	9.350755701368121e-06	2.4217277313548276e-05
0.00028225160825557527	0.00027495073141059755	0.0002459832601404284	0.0003097338937768529
0.02289145018482124	0.023238581229702907	0.022729412917925292	0.02366715270943911
0.00012310772912765684	0.0001304545834801678	0.00010876604090747257	0.0001499758908281659
1.864160813255068e-07	8.124309800077929e-07	4.512016641738613e-08	2.9282858364931704e-06
0.004031896895085646	0.004001562541019369	0.003861115565738187	0.004136286874065578
8.123201823345365e-07	8.782515511566851e-07	6.659898889585874e-08	2.8779960315874143e-06
9.659630555687327e-07	3.3982826964846096e-06	6.534047292998631e-07	6.8232440964131116e-06
3.2459341208954715e-05	2.9859841375606342e-05	2.0507318357770723e-05	4.1290117372813996e-05
0.0010920156598129675	0.0010424630292352674	0.0009798305079479403	0.0011068941806156257
0.0008588395668772032	0.0008804322083975731	0.0008284236585504831	0.0009453115044620137
2.899406941764461e-06	1.3986591554227957e-06	7.605400413601616e-08	3.4501076125918248e-06
3.1910677956863313e-06	5.545843228845237e-06	2.317849015761149e-06	9.953149799312472e-06
0.0003745501252298823	0.00039266099098738674	0.0003515228939625051	0.0004263945102617579
0.0006202146572307253	0.0005700389909063145	0.0005262326898441123	0.0006224829112558787
0.00045457652549987955	0.0004203386026827361	0.0003831811385461286	0.00046609038602831517
0.01848148778243159	0.01854712713675781	0.018196975241201053	0.018992757358673285
0.028096899846202	0.028375803042146912	0.027822151195163736	0.028899668091316364
5.491925151965196e-07	1.1139377238483795e-06	1.817018733983419e-07	2.6939184336411044e-06
1.9936490243277648e-07	1.1287820591374837e-06	1.693720036508163e-07	2.695538764945431e-06
3.1299335029710165e-05	3.4952019155497074e-05	2.3390545087081742e-05	4.575001271276206e-05
0.06034124082248443	0.061537656358276495	0.06047525090978825	0.06273273123931067
3.840431347785503e-07	3.259166845186057e-06	6.555596947407497e-07	6.2869631960428e-06
5.799393962657292e-05	6.876905432467053e-05	5.2483905799231925e-05	8.410262704274667e-05
8.489529674326162e-06	1.2933309589472137e-05	6.585638353524464e-06	1.999830078054998e-05
0.00903539822636972	0.008969402375629112	0.008717205476008042	0.009185693504003785
1.3251064045991178e-06	1.2588739269561393e-06	1.0376242998960197e-08	5.001765023770799e-06
9.418038342226316e-07	1.6060475504291917e-06	1.3774116548755368e-07	3.747095862778301e-06
0.006597431327182024	0.006647695830232517	0.006458341741931134	0.006831634146730515
6.43910951333075e-05	6.974610913044728e-05	5.234182497415189e-05	8.50045953991867e-05
0.016610759237920894	0.016911324847523168	0.016576556996922023	0.0172672106630114
0.00016713087252607928	0.0001642190815570423	0.0001401195117500682	0.0001872432593964384
2.897826107763609e-06	2.4117986630486136e-06	2.774580239158825e-07	5.0351902059269865e-06
1.2975355213453428e-06	3.3139128790973986e-06	8.141879992388996e-07	6.818309799798477e-06
0.004868460878644967	0.005001657273831316	0.004856660270606397	0.005156837590498439
1.6780433411544796e-06	2.6254571761313026e-06	4.852454986998222e-07	5.643556127558337e-06
0.0017356413445682338	0.0017717365469697086	0.00167974162240559	0.001849070254330978
4.2048482097247215e-05	5.370552876445613e-05	4.0943692681457444e-05	6.873940377840385e-05
4.951375416521772e-06	6.084077868819446e-06	1.8033982275690626e-06	1.106296275748956e-05
5.76202463127852e-05	5.590169004711377e-05	4.031375959908439e-05	7.060407040948682e-05
2.4032541573641804e-05	2.092701448399965e-05	1.2490923957864388e-05	2.956330425303755e-05
0.016988296390120904	0.01713472899078124	0.016754018706024425	0.017466905654187116
0.0020464767620779834	0.0020938669262827478	0.0020035152267085703	0.0021896305336146357
2.454664197871078e-07	1.693323835285207e-06	2.9361734203804464e-07	3.4718035125316644e-06
1.3134384140828909e-06	2.1637611817447245e-06	6.023615796842212e-07	4.603565198385393e-06
0.0020759597027884824	0.002107489968318616	0.0020226687228780934	0.002207236536016475
8.054109668365521e-07	8.248356917407083e-07	1.1201212891910265e-07	1.80330534037398e-06
0.0004999865737621663	0.0004484369294405234	0.00040961045260384674	0.0004894159416720595
0.0007601694546914487	0.0007606711994458965	0.0007130167544250761	0.0008176388252241965
0.00022369569948815185	0.00021012882516985342	0.00018201704180203295	0.00023658848506614923
1.539921951277798e-06	7.128769803914933e-06	2.543495983027845e-06	1.257306384753771e-05
5.1064040751481214e-05	4.7902683998359176e-05	3.567823911858169e-05	6.160423751434103e-05
0.013838258772620723	0.01388748898625723	0.013594774503180921	0.014206605350310217
2.81913336299206e-05	2.1652442363216392e-05	1.2450148694069055e-05	2.9785066863746805e-05
1.546943049946939e-05	1.4544963641947015e-05	7.716137326917706e-06	2.2096801768327307e-05
0.03446555511491042	0.034865394804945826	0.03411655179955349	0.035454653111356066
0.03904652971431381	0.0394697043706948	0.03871456959612231	0.04030555727880629
0.012554257563181124	0.01259637512420953	0.012265403804147161	0.012853428419300197
3.4516778706015657e-06	4.710001579260645e-06	1.3396098130394982e-06	8.82459969372364e-06
6.447245112406436e-06	1.0361248765202832e-05	4.420644528855837e-06	1.6058919779013547e-05
0.0019997286432679984	0.0019946213104939203	0.0019082908226710378	0.0020846444809565733
2.1164749648632856e-06	5.043350940398582e-06	1.1245786959368382e-06	9.199851954299769e-06
1.3317354382379988e-06	5.216849290713636e-06	1.3760522632297405e-06	9.748107759322658e-06
1.5149279542412578e-05	1.0555444531228726e-05	5.504355950982633e-06	1.6025226734737603e-05
0.047268258260403914	0.048254806339271455	0.04728029212570338	0.049184406065429676
5.25117792137085e-06	6.028571934019987e-06	2.802197585627637e-06	1.0179789350965076e-05
0.030757646283637682	0.030673401527809556	0.03011190412654806	0.03133291326394531
0.0007500756766962037	0.000729442426886093	0.0006808372902175902	0.0007843794862241012
2.120841187738533e-05	1.2041824988410972e-05	5.5464072516826375e-06	1.8347325215850383e-05
1.213992567695683e-06	3.709889121884633e-06	1.0966735093363553e-06	6.6916019234242135e-06
5.2337401957861785e-06	3.43537959555941e-06	9.353944434405495e-07	6.43647462024079e-06
5.522423600957185e-06	5.831697129188592e-06	2.0646462512260873e-06	1.1161054977078312e-05
0.0034219225936717164	0.0033254894619608325	0.003200624272335915	0.0034518217526568877
0.0013071701704459192	0.0012928385064080582	0.001220786270110694	0.0013544237412834593
0.0026023454599164693	0.0026268676935097433	0.0025108700995420934	0.0027332136279924883
0.0017236977065320216	0.0017796288312966193	0.0016920695992186977	0.0018610375305148532
0.0009513318701700733	0.001005538568598549	0.0009355433521755381	0.0010640910263999043
5.690546212092129e-07	1.2090612224908657e-06	1.4811317180070708e-07	2.8572349314183717e-06
0.005420604763436416	0.005480013013245136	0.005303001326740667	0.005632576125358854
0.0005716301900031629	0.0005528415399279961	0.0005103348238543098	0.0005998247137647122
0.0001124551107683745	0.0001228286533711427	0.00010055178291376807	0.00014393542379191054
0.015795732262198946	0.016079998004345022	0.015740314677846253	0.016409171527920527
4.105815109277696e-07	3.502460454935301e-06	6.081584765251446e-07	7.709174363231734e-06
5.0355371694023355e-06	1.025069579925753e-05	4.525000427039889e-06	1.5609339570036416e-05
1.7425700373442157e-07	9.82042007014733e-07	1.1680040240582213e-09	4.19096061374869e-06
5.45829536558126e-06	1.0435951701892992e-05	5.289488936284346e-06	1.7114827615592492e-05
2.716421754335918e-05	2.691428205098875e-05	1.8374178129132152e-05	3.6541316362232975e-05
8.351274739766167e-05	8.009485447147712e-05	6.449552659781822e-05	9.784745555762034e-05
0.009941391218210596	0.010103860603819754	0.009882605319575419	0.010361487747967874
0.00415831716685406	0.004405442669357489	0.004253619370661416	0.004551122191298098
1.4872144888857197e-06	2.2603866794734123e-06	8.482493480679398e-08	5.327896557499496e-06
0.004121277751345306	0.004226950231422497	0.004099214487283866	0.004380322748063347
1.7087467305555387e-05	2.2563644812056073e-05	1.4092120560760902e-05	3.2100149284714596e-05
0.01275427881531581	0.012748542191128835	0.012464740582396197	0.013056055756582986
0.00011680046810649093	0.00011425386598113608	9.564558783014782e-05	0.00013653623284738954
2.4481251859885034e-05	3.0430322542241818e-05	1.9363220506271338e-05	4.065537455868073e-05
0.00014098712668888575	0.0001418234266323905	0.0001188113184231728	0.00016490990687187393
4.7599562592088367e-07	1.1251852863385987e-06	3.0429019174591255e-08	2.5983659794609103e-06
2.1369660797127256e-06	2.864893019521863e-06	3.396294261310707e-07	6.371877025210969e-06
0.0001918202813247458	0.00022975595369458248	0.00020036995907237956	0.0002570006148043884
2.40465516438002e-06	6.652324638115474e-06	2.1835603194802095e-06	1.1523783585506434e-05
0.0013164420849051059	0.0012604119907723556	0.0011919208049034535	0.0013293033909483388
3.557044780408671e-07	1.013354446664503e-06	1.0067847918851838e-07	3.6042629455972142e-06
2.2967221620235078e-07	5.464007968082921e-07	7.394238201264204e-08	1.4685936547502781e-06
0.0031236200489402023	0.003082658274286304	0.002963351640346238	0.003202786894577051
0.00023524461881307596	0.0002722382428296994	0.000241338758170901	0.00030487416293080574
0.0008974873610534741	0.0009106564509606973	0.0008539658048675691	0.0009718753802218746
0.00043096457589334266	0.00045188222665868663	0.00041133797194099634	0.0004951029617652498
1.8645076410655023e-07	1.4338339277954176e-06	2.1116390514415301e-07	3.14674524913481e-06
0.006901678778711085	0.007060680989327896	0.0068939844791619815	0.007286918996673244
2.1715484022866765e-06	2.564712227499166e-06	3.0685853353202834e-07	5.662409852292868e-06
1.2288185144514605e-06	2.5155803769256533e-06	4.035381173494956e-07	4.790565384564839e-06
0.008219540457102806	0.008655301776067477	0.00843639371576229	0.00888897017238116
0.00011901877776720526	0.00012846610980564013	0.00010397940545534871	0.00014931285390991635
0.0005534684118682707	0.0005257841908973752	0.00047715415397124963	0.0005671806438128258
1.4320112030568555e-06	1.8505208345963981e-06	1.5495101826481597e-07	3.7981083140476663e-06
0.0009567817939660563	0.000978843640428561	0.0009233615453531557	0.0010487269165837339
9.119463713440292e-06	1.066590642046217e-05	4.855315107811748e-06	1.780314298395458e-05
5.04356268945509e-06	1.0720494955298602e-05	4.768259141582246e-06	1.7560778987763114e-05
0.03180524791128612	0.03213978550055029	0.03155612209186642	0.0327074665122092
2.1259577274522835e-06	2.2076635302982823e-06	1.2587382589093795e-07	5.633891226931048e-06
2.1496019706219213e-05	2.3072364597548186e-05	1.448658935732756e-05	3.328197428865095e-05
6.227049273694533e-06	4.9482318038640005e-06	9.702960400076888e-07	9.688329592086977e-06
2.819957642881717e-05	2.5356125056981788e-05	1.6602461522038148e-05	3.4131172711526974e-05
5.135864249338787e-06	4.813050214573641e-06	1.1399389872829147e-06	8.769678249306226e-06
6.78309390523691e-05	6.442889793484696e-05	4.9571482672335494e-05	8.021830019992271e-05
0.002265719638690742	0.002256458625624576	0.0021565053597161917	0.0023516450079915712
4.3053313157043805e-07	5.576137892994231e-07	1.0072975421852556e-08	2.260760382438674e-06
0.020918619413472412	0.021261080279440497	0.020822429123774012	0.021669713079695264
4.55529213302747e-06	1.1416804531065331e-05	5.004087464240431e-06	1.8682920528856715e-05
0.003965579553000439	0.003987878535192956	0.003860791578532285	0.004128616756518957
1.4323183335649559e-06	5.014351724299059e-06	1.7921740563328444e-06	8.836346997290388e-06
0.007180168343125906	0.007318462149572538	0.007119420810237913	0.007529203634898808
1.3020912474452917e-05	1.3406273964078078e-05	6.355183720085076e-06	2.104947692299299e-05
0.0014348030821621162	0.0013642012279573008	0.0012931716321410982	0.00143306081485522
9.751348974396107e-06	8.066417046944058e-06	3.3622490506096075e-06	1.3243713184670198e-05
2.5549832396475235e-07	6.576602544547689e-07	5.4056329849996034e-08	1.935705688052996e-06
4.337212161294896e-05	4.370407677661477e-05	3.158354120550929e-05	5.728736427346342e-05
9.366155210600426e-07	2.690291712530847e-06	5.344158368611822e-07	5.415492278914336e-06
0.023375797398347196	0.02378419430403262	0.02333806810227923	0.024279475187542147
0.0010090554081768242	0.0010064797970827308	0.0009420526454843441	0.0010643398714886814
6.42133778056511e-06	9.845803127989533e-06	4.511745883270528e-06	1.6044152438632735e-05
1.900055028584587e-05	3.199938138921444e-05	2.1731652703289958e-05	4.199745596345805e-05
0.0002632407986959033	0.00026886471120500115	0.0002340789593481263	0.0002987597069401022
2.558603306954432e-07	9.82744929570904e-07	2.2781546348286087e-08	3.5538127761887875e-06
0.008910958874218411	0.009079751655329715	0.00888075779835564	0.009338539309947382
0.00037356502120369295	0.00040867701492132457	0.0003747601971693639	0.0004512299758655751
9.17731262769345e-07	3.5516783239669017e-06	5.794079751648728e-07	7.1141437785808e-06
0.0004768437924707269	0.0004762293374869119	0.00043482901060790417	0.0005186843848895166
6.070994739478356e-07	1.4822301838357785e-06	1.474201241710976e-07	3.2391152857400886e-06
0.018129535449498274	0.01816563021649436	0.01777836193531244	0.01856156529431033
5.30007786477163e-06	7.2083883435748915e-06	2.5780684302359673e-06	1.2885028957044088e-05
0.0003752044381713922	0.0003898894942761726	0.00035327284965680684	0.00042587399500304134
0.04091318423170345	0.0415994940308016	0.04070360568211233	0.04236428642934
0.0011672273557569014	0.0011350969849837046	0.0010760090699914295	0.0012046971578667184
2.3289978056306656e-06	2.804312073782171e-06	6.429608200902561e-07	5.616953992016356e-06
5.756669570368727e-06	9.3411823024725e-06	4.718046670223585e-06	1.4265566138317768e-05
1.2248806116703766e-06	1.4326682947542795e-06	1.3323480618854723e-07	3.2904247449981947e-06
1.6074326851723152e-05	1.608230361733636e-05	9.059642102222987e-06	2.4347071387774685e-05
1.7243130529730076e-06	3.592652348278276e-06	9.788380172816224e-07	7.251516017259216e-06
1.8884498537222274e-06	2.510758074904477e-06	5.967038015745075e-07	5.122678001372225e-06
6.467621868668178e-07	6.925388056982825e-07	4.8422336356643305e-08	1.7036680859793417e-06
0.00021108685298799125	0.00023189707095188223	0.00020188057000094682	0.000261739832167089
0.00010320877156768032	0.00012278224189839394	9.794806661207575e-05	0.00014430764141354417
0.0024442497461789198	0.0023908970770314644	0.0022923304330044994	0.00248710098245565
9.341002662536974e-07	1.366348327542307e-06	1.5688700714253991e-07	3.2998071893531105e-06
9.607322265761348e-07	1.833529899460106e-06	1.8096505382856073e-07	4.147873055332521e-06
0.0010600320735343317	0.0010651157141834473	0.000997032430654462	0.0011224088060589243
5.0968509489975175e-06	6.04014734900081e-06	2.4241642553854687e-06	1.0013551722296991e-05
1.14485929215655e-06	1.5717659932420256e-06	1.492339172572426e-07	3.947112952383941e-06
1.595949199689471e-07	9.092853126451101e-07	4.0823387220158615e-08	2.3603255254262027e-06
1.289166834352177e-06	1.5924300119172964e-06	1.5814183431794996e-07	3.665272320636458e-06
2.6319924629750762e-05	2.574238606965582e-05	1.5729901854989737e-05	3.508399143068698e-05
4.429461560518629e-05	4.4931403329498056e-05	3.352738017753024e-05	5.7026964834037445e-05
4.400685790929269e-05	3.917116984096136e-05	2.7588204913730617e-05	5.203813837553379e-05
0.04668936151013709	0.04783904082344493	0.04685862829872681	0.048717291878207926
1.8074760432338727e-06	3.1321606208075546e-06	5.018338838508682e-07	6.230176609213163e-06
0.0017140149782961488	0.001713518337402901	0.0016267938037687146	0.0017972735556008746
0.00020573543210061342	0.00020156685593362804	0.00017262877822172271	0.00022834401678724058
4.9997072608742585e-06	1.0937056433210754e-05	5.335306249352781e-06	1.672999327047222e-05
0.00028265058808786	0.00026231612215788067	0.0002280791833913174	0.000292205619276387
4.919437284070175e-07	2.440493961943367e-06	2.3188001985731757e-07	5.631503925314392e-06
4.11021162121263e-05	4.588590657462464e-05	3.140024519343411e-05	5.9042170258550925e-05
4.0084040510823564e-07	3.948725104401095e-07	6.7543619703532745e-09	1.3207906668781505e-06
3.149006575725217e-05	3.595233338936231e-05	2.4371738833475327e-05	4.75177291852126e-05
0.003869038792500694	0.003922847645030947	0.003795948196386274	0.004061565310150052
0.011488845170572274	0.011669651806486268	0.0114083867206143	0.011943164598712468
2.4260881125015346e-06	3.110843852425236e-06	7.223142905831646e-07	6.612585293532766e-06
0.0029219927719482688	0.0029491403898687955	0.0028454169856587303	0.003070619433940687
0.0009244904007542583	0.0009550670763929821	0.0008886667853579838	0.0010132651729833706
2.9478140207673025e-05	2.5449004551392124e-05	1.6302775188471716e-05	3.538999796956729e-05
0.00013286166093181908	0.00013909924994024087	0.0001172903221373045	0.0001607986417751687
6.899671785477875e-07	1.5644292658857156e-06	1.4028420854725174e-07	4.060759749648037e-06
3.3779748524031423e-06	7.127061887313232e-06	2.5660734289642967e-06	1.2061713125465873e-05
1.4056354762430643e-05	1.4577112299814262e-05	7.633575853526841e-06	2.154248202711053e-05
5.79854885947408e-07	9.036544825045813e-07	8.065002842780879e-08	2.1540438779487907e-06
0.0001430970290208337	0.00015055575550323189	0.00012920319077785786	0.00017512849693861041
0.007183712286345825	0.007234429774756288	0.007032277841743486	0.0074208474235123315
0.02784674013529366	0.028245976793168107	0.027707161692161107	0.028784809135094836
3.822311109873712e-06	5.021205279410342e-06	3.540871745842189e-07	9.755653889401663e-06
9.46947599293307e-06	1.2176267791978308e-05	5.038533736007134e-06	1.9002423841061462e-05
0.027670454770848833	0.028067908623297038	0.027540377914807464	0.028697949860982525
3.835781229359868e-07	2.9566405478411922e-06	2.8428923035559203e-07	6.498382342310508e-06
0.0004982106006657766	0.0004911403748353202	0.0004464199269970394	0.0005344439427334525
0.0016375677720524477	0.0016741252729233478	0.0015928918837619808	0.0017459750956276645
1.8344494670357662e-07	1.4257573482758166e-06	5.998226369399452e-09	3.889350364837487e-06
7.229033441868316e-05	7.39031516006635e-05	5.785129112658426e-05	9.14119985863588e-05
3.3209891798346175e-05	2.3838612248271657e-05	1.5097782913399131e-05	3.4750060364643694e-05
0.025976081163265996	0.026439567336851082	0.025878452471040918	0.02690351111269508
8.300098072777645e-06	7.105342850834376e-06	2.5982790530241153e-06	1.2101285610862124e-05
0.0024386537177456496	0.0024124859037329385	0.0023160334691829983	0.0025153233495835226
1.225728923404102e-06	3.363385069459997e-06	6.978209638960809e-07	6.537729787828632e-06
3.197682692735515e-07	7.308105629239478e-07	6.638985706497398e-08	2.2989793294623337e-06
8.253166299222105e-05	7.731435772511976e-05	5.9396166960087e-05	9.547502980555839e-05
0.0010034381072703564	0.000984568872890954	0.0009179989929924676	0.0010388707499641506
1.58000876185934e-06	2.2455328819516997e-07	4.809493707087122e-09	7.39172495152282e-07
0.00032777326332055466	0.00031414492396346155	0.0002787961674298181	0.00034832709164439596
0.0012368520496496998	0.0012707795514608272	0.0011930739150920135	0.001336985302755572
0.0005909975683593764	0.0005937693171604446	0.0005472320950125725	0.0006437544584751044
0.01765303984141089	0.017643239777739145	0.017198209361255264	0.017945529456463636
2.2707090985280378e-07	1.7898126185824025e-06	1.4397991823663638e-07	4.108888081794079e-06
8.342250038446405e-07	2.8479167248979692e-06	5.580417423976088e-07	5.9754291514604e-06
0.001137176852337579	0.0011963859115492106	0.001135953487817355	0.0012707733214554263
0.0014555856929327259	0.0014359036383716668	0.0013623780086004763	0.0015118056614923537
7.39808333164632e-06	7.541250620690661e-06	3.1982572586267516e-06	1.2497852008408254e-05
1.0736006314915887e-05	9.49316661954443e-06	3.877184552102082e-06	1.620418227010894e-05
0.007395594643121141	0.007394718580743203	0.007219185859566151	0.007612300642361294
9.843415618486467e-07	2.075801942415714e-06	1.219885882315693e-07	4.895446315309738e-06
5.654041238486282e-06	4.5279541917832285e-06	1.2564701495195643e-06	8.529920996278791e-06
4.850129409436803e-06	8.969598507842106e-06	4.214544878845956e-06	1.4161635664017455e-05
0.009438047852614375	0.009527713387089557	0.009311356393201044	0.009762622520514052
0.00129440164364538	0.00128627884644569	0.0012161718462286655	0.001365370529299287
1.3418644207903528e-06	3.5626239118413934e-06	1.0497275059869855e-06	6.4132511221285224e-06
0.03861587275755386	0.039276156588369554	0.03845066788082189	0.03996918341200726
6.612934084766881e-07	2.4959537009440547e-06	3.751924933737051e-07	5.737676263264927e-06
3.5846463297068395e-05	2.2436787894274448e-05	1.3869282255937881e-05	3.211201360642789e-05
0.003329487404291723	0.0032331124493037208	0.0031109571676995727	0.003338384556648508
0.00014100100568707603	0.00013099331531383237	0.00010930567656716796	0.00015319014193373578
0.002459221386881908	0.002466387484988444	0.002339271271443435	0.0025569472495012182
5.735784062010816e-07	1.6824165346704385e-06	1.3552549216851255e-07	4.4552610152594505e-06
9.670867639049664e-05	9.02132796264626e-05	7.356266437305441e-05	0.00010931299261697708
7.748447493332992e-05	7.318767562410087e-05	5.629995173738453e-05	8.893065335188562e-05
2.272411089841555e-06	2.650322361486213e-06	2.714702626572497e-07	6.663092465846114e-06
0.0011042544801671953	0.0010966822558178318	0.001033409361128631	0.0011687859015670854
0.0001487760782996013	0.0001505082951701353	0.00012406708602682748	0.00017513326262575676
0.0002623696500025793	0.0002702882495281583	0.0002393843311440868	0.00030278842590888337
0.0003413961082262694	0.0003269286131516866	0.00029271172126439003	0.0003623464778613581
4.950057961422784e-05	4.804612906796363e-05	3.4414966909852504e-05	6.22718921574855e-05
1.2506018094393244e-05	1.2179832005465615e-05	7.196501354135215e-06	1.893586480554787e-05
0.004274620889692161	0.004337392248179787	0.0042026571863216615	0.004488697282420685
1.885217382281181e-06	2.829920924654565e-06	2.5272322372717593e-07	6.713909305772813e-06
0.002273672288315221	0.00223993395900376	0.0021531215214244856	0.0023425996706604056
0.004228961189235522	0.004242651847124725	0.0041127940424393545	0.0043865997625550605
6.330858274209134e-06	1.3358703098192104e-05	7.729624564228543e-06	2.0207638524804616e-05
1.0332813859777552e-05	8.880655759401381e-06	4.394637052894799e-06	1.3681059851596683e-05
2.4261100646711937e-07	2.3848152287309354e-06	1.7629326918328072e-07	5.546553206147896e-06
2.2494131285569325e-07	3.0018128107910067e-06	6.928715868618043e-07	6.376149552648721e-06
0.01467351431235753	0.014814477563572591	0.014502720969393527	0.015157960597250513
0.000918836421074547	0.0009340830704081034	0.0008793631361742216	0.0009976274118906636
6.144446657127027e-05	5.896149051972317e-05	4.436420790563397e-05	7.23975710301616e-05
0.007875059393774675	0.007941767529990476	0.007722153536942688	0.008162716629234179
8.974620652665521e-07	1.7380488679303427e-06	3.0150423269716973e-07	3.519447019576046e-06
0.00015112856348664324	0.0001498558471519719	0.00012775411087852963	0.00017616721374137396
4.987167983105785e-07	2.623609355880178e-06	1.3369035162505497e-07	5.932543023118835e-06
3.8093656974369386e-05	3.5260824704836876e-05	2.3837254868503153e-05	4.619913721983102e-05
7.671410820798093e-05	8.010612314925217e-05	6.226309304075066e-05	9.870717108370219e-05
0.00998096017826198	0.009887715705333894	0.009635167266578842	0.010140222628903989
7.0101870362441016e-06	1.208179773949367e-05	6.576788231483757e-06	1.8485323392384174e-05
0.0022357379387267433	0.0023210176467287663	0.0022220134138775044	0.0024191656920670903
0.009891933270271646	0.010135849159527534	0.00991784585100721	0.010380613854246892
7.635677146609398e-06	8.95104016128754e-06	4.4542238131211235e-06	1.5313859804105887e-05
0.00022706334379958483	0.0002463132335880806	0.00021277997907340562	0.0002742513853269446
0.00011592913699747092	0.00011220615655039937	9.073751433471536e-05	0.00013126305599550392
2.988600017115743e-07	2.9341441219470206e-07	6.069028493195393e-09	1.0821310058245645e-06
0.03288841580296376	0.034326544919492795	0.03365932909803642	0.03500672876535452
0.00011481577170612278	0.00011859479337032199	9.750961021238188e-05	0.0001407863350854845
0.02831552423585461	0.028522409122141892	0.027956846309594757	0.029074550801872514
6.086247438203097e-06	1.2053449859768624e-05	5.915053146320941e-06	1.899222319532586e-05
0.00015677133643819959	0.00013929418888373042	0.00011602328142952272	0.0001613585013574131
0.000253475210470433	0.00023620502183415942	0.0002033894838051912	0.0002661368759631305
4.554626632620379e-06	4.471084832813438e-06	1.5573159274714738e-06	7.978500884368052e-06
4.649099590445494e-06	1.670611189729722e-06	3.5949595800935225e-08	4.747673584662852e-06
3.793051317747986e-05	3.765237685611648e-05	2.647124776941373e-05	5.12401379716756e-05
0.0002719609159439354	0.00027652034849670636	0.00024124753084366342	0.00030769673626404495
0.040754294233063704	0.042042731379115836	0.04121655251213068	0.04279216680363879
0.004108950716038048	0.004113556349567497	0.003993318985024594	0.004256910824784476
1.7642734033941937e-07	9.831552533305264e-07	5.962711386356609e-08	2.3713732345173906e-06
1.067532684951858e-05	1.0937006689642129e-05	4.722551158625867e-06	1.649297239161494e-05
0.00010756199165803325	0.00011031836759124306	9.134756613206915e-05	0.00013273098628786178
0.006886721704971238	0.006955986649740999	0.0067735318071547425	0.0071483342285795955
0.012187294565701959	0.012171999739159165	0.011861974591203146	0.012424233299137966
9.128361420831026e-06	1.3948645809110468e-05	7.400379392471739e-06	2.073556849123255e-05
0.0003419252495809187	0.00033782047556783366	0.0003040708226529244	0.00037376513156773866
9.777449428823397e-06	9.14746031609126e-06	3.817228542011558e-06	1.53850103337922e-05
0.0004980339036811092	0.0005176438946090408	0.0004693340901225807	0.0005650362520122529
3.7027248871305522e-06	4.238305968293518e-06	8.669268029850212e-07	7.727369061582973e-06
0.0006614376097513387	0.0006358252031599073	0.0005895204110311902	0.0006821470869333613
0.011164920248911001	0.011189803051217145	0.010957250595412244	0.011449855538365153
0.053741351745420995	0.05432503351827172	0.05334011771516113	0.055401478022427474
0.05464514471216088	0.056576406327278415	0.055418305950405054	0.05755344854491333
3.76674444836069e-06	4.7120543463210496e-06	1.5462705206222362e-06	9.10137494983551e-06
1.1506782069207134e-06	1.3426355982925326e-06	6.954454009536292e-08	3.4837040816475966e-06
0.0006694303785633035	0.0007071539881438817	0.0006484899278730373	0.0007532538258033447
2.0519554715738714e-07	1.6003390537064852e-06	2.2047554731351203e-07	3.551819126516493e-06
0.0023820760349850634	0.0023706641309953415	0.002283018822526153	0.0024810176402069325
0.02720583014499186	0.027433723731642386	0.026862634397894585	0.027980171310759396
0.0002492159886178529	0.00022215859860389938	0.0001965882314997666	0.0002516422340480309
2.3301393758421786e-05	1.7390263147273707e-05	9.869792614649451e-06	2.5219498519557083e-05
0.008393809310205084	0.008540924439546672	0.008336726532302595	0.008782136072566591
2.537763236214132e-06	2.7714476347091254e-06	3.588691394974231e-07	5.677750899479369e-06
5.434314754552103e-05	6.303912025108198e-05	4.7117775397013615e-05	7.75150472609306e-05
0.0019989517135595653	0.0020235564700552093	0.0019297588719520563	0.0021175172552181758
8.987070708603473e-06	9.175290495814923e-06	4.133476737085529e-06	1.548857700765296e-05
0.0005565280369826109	0.000558970895910958	0.0005143903646564182	0.0006046692261297994
0.009092908364658495	0.009196815999074159	0.008981461590681769	0.00944788187008292
0.01960700455627999	0.019916398056566774	0.019439658298313414	0.02031330896150868
1.0441619588848764e-06	8.209428124501605e-07	4.39077820409194e-08	2.939374193088064e-06
8.81573025977276e-07	3.4501344378403855e-06	6.407673336120872e-07	5.8656418948403125e-06
6.843757892966782e-05	6.562078145203853e-05	4.8238959342756224e-05	8.119116276304865e-05
3.206538399650526e-05	2.8899745687461044e-05	1.8772128279789825e-05	4.0200068582095394e-05
0.0014432929932889466	0.0013839724292007138	0.0013135509518060328	0.0014623760240134848
0.000160170009450823	0.00016720915372725006	0.00014196108322479765	0.00019221323849789176
1.5181191211717722e-05	1.3338598131702193e-05	6.442214684971881e-06	1.9466380289736113e-05
2.2397329638290903e-07	9.550944804231942e-07	4.98106913298965e-08	2.2540458951328885e-06
8.806662775727943e-05	0.00010232501912243945	8.425829544705006e-05	0.00012356783093143742
1.018460477253474e-06	9.59262575741004e-07	9.826649818349563e-08	2.2706459610472387e-06
0.015232567592926544	0.01512599847137837	0.014842035282875289	0.015459959428486469
0.023393956796931806	0.023647417275391026	0.023184939247223712	0.02412019435644046
0.00911007575928964	0.009260917747417457	0.009043028729621013	0.009490147308916
0.0002902206949996945	0.00027943286709405333	0.00024621017722603345	0.0003107151735769024
1.4194510715992434e-05	1.9119622650320766e-05	1.0735639502090422e-05	3.042428757679829e-05
3.020357518809662e-06	2.4368053967652966e-06	4.126561786910948e-07	4.491762718167568e-06
0.0004888909908262221	0.0005371100475343179	0.00048329276971114906	0.0005775212695655542
0.00641372167234406	0.006369699220080603	0.006174325692582123	0.006547898926520801
0.0026367435735162124	0.0026066788910238487	0.0024911869882925527	0.0027102480897888454
0.0008332180267692232	0.0008122356225278601	0.0007554819180226247	0.0008663879589233783
5.155607226555164e-07	1.862421735872992e-06	2.0383008697411908e-07	4.5375565923861704e-06
6.2771984576268125e-06	3.034225120537571e-06	6.429901416207618e-07	6.7693674958526965e-06
