simulated_rates	estimated_rates_mean	estimated_rates_lower	estimated_rates_upper
1.8676281769306517e-06	1.0977515950193919e-05	6.389363754810116e-07	2.596560541998011e-05
0.0004977518179235244	0.0005547397405450479	0.0004059904993501327	0.0006921891327114713
4.5530600861740625e-05	6.617460103115992e-05	2.2915193069498035e-05	0.0001213376900482121
0.00413694480422005	0.00415435328723361	0.0036642961687186042	0.004610045818856013
0.0038579437521817366	0.0038460706879861906	0.0034819128202175525	0.004256933302790426
5.345835181923588e-06	2.2795622767068777e-05	6.285796168150057e-06	4.37634234936047e-05
5.621166920397564e-06	4.2623340786986235e-06	5.574404406033258e-08	1.42067330628813e-05
0.0051251780961118695	0.004942262515285958	0.004443817414531611	0.005395815601371371
0.03890802540084772	0.03821701597073343	0.0357777631857842	0.04051874311839196
0.01339454966810538	0.013708471164016377	0.01275876459310529	0.014661755840601828
1.6148352402080148e-05	2.8411749556793867e-05	6.235368780543864e-06	6.241651962813247e-05
0.00010344746107846119	9.96673224463337e-05	4.097924894659771e-05	0.00015874229264579631
0.0011031921991061357	0.001017657138457167	0.0008330604713300095	0.001253036457253978
0.0016120163268080502	0.0014687170204905871	0.001235146709831214	0.0017137487669353336
1.8974580495345872e-05	6.693764979104344e-06	1.0788617197646508e-06	1.7808506781014146e-05
0.00022587187714634763	0.0001667773776279999	9.138209430502084e-05	0.00024062409523904025
0.00010628764784843016	0.0001110978714501719	5.766428499130528e-05	0.00018081934238489846
1.86179211577008e-07	9.281678135546237e-06	4.945914514804308e-07	2.7113730383952855e-05
0.0035162600850847645	0.0032331976658774328	0.0028794438353884635	0.0036193819701790435
0.01461237226078066	0.014756724302460464	0.013624047055552032	0.015726536120851085
1.769904271175443e-05	3.011834888799662e-05	3.6274403447914185e-06	6.565162558241867e-05
0.0004562443542847707	0.0004959915177316167	0.0003712887520217321	0.0006437708322458188
4.140249306151508e-07	6.074099806011533e-06	6.214160383241614e-07	2.231329601409885e-05
1.8626643472907727e-05	3.2946596519465435e-05	1.0641261531248655e-05	6.372218728237113e-05
0.028132352560953058	0.02690040775806204	0.025177249322810295	0.028614687841365175
0.0007276150829394992	0.000775784742383898	0.0006205771217761491	0.0009544629778063365
2.6915665411123356e-05	2.169253032063104e-05	2.307821585723184e-06	5.652725052933358e-05
0.004321886783007107	0.00471941162452494	0.004235799415149082	0.005171829569197762
9.48988960352726e-06	3.623566280957526e-05	8.003316677630219e-06	7.429935023474343e-05
0.0002470285598184575	0.0002102632429349137	0.0001200653718287197	0.0002948192435077412
0.012262832826606668	0.012449121681776651	0.011628326474613237	0.01342769732745118
4.4621807315998387e-05	3.5225774490299194e-05	3.8013099640923127e-06	6.454510142259436e-05
0.0051435242214018465	0.004986214248119791	0.0044717794131156115	0.005472238449189442
1.0052550813017705e-06	1.127939311810349e-05	4.3450714719154064e-07	2.588366705958955e-05
0.0014448301540245679	0.0013118913708654214	0.0010920579492618957	0.0015363151763852837
0.0014508463248342333	0.0015361620029462732	0.0012974940404013376	0.0017850161207689167
2.660300908346186e-06	4.7552279156397965e-06	2.8614835970408857e-08	1.8942785883793933e-05
0.025269876578963384	0.027668823463146416	0.02603873663675328	0.029479722339646467
4.8212992019108574e-05	2.903017553246331e-05	3.638277243670459e-06	6.0179239169465693e-05
0.020653462961687744	0.021525407667585376	0.020132665508387885	0.022967813259446964
3.382997019985055e-07	4.6297140473414734e-06	2.6119295424460692e-08	1.6229269780636348e-05
1.7003836582412738e-06	1.0013838538831322e-05	2.3098147309580527e-07	2.931426737958055e-05
2.878341995402336e-07	1.3076724690104727e-05	4.232335181127413e-07	3.735238495514858e-05
0.0009869714326004293	0.0010796627623443637	0.0008863528242747883	0.0012816777462381329
0.00034848328386111557	0.0004173235991684133	0.0003123946987243493	0.0005440282412788168
0.00015731365161224793	0.0001495889843803536	7.29606203215429e-05	0.00021442891994458304
2.731697225891898e-07	9.579749009185262e-06	1.7616365694355157e-07	2.898189178727879e-05
0.00022656702502089259	0.00026476555681509515	0.00016860701381131703	0.0003647613748073006
1.1208615720183765e-05	3.580479290747818e-05	5.763822530181861e-06	6.82398714775056e-05
0.00010612737918245996	0.0001333565885991912	8.271370882762246e-05	0.0001991918889120918
6.648485015551176e-07	1.388813120735142e-05	1.376788369712631e-06	3.503070973358841e-05
0.0004101936413269483	0.00037700321325775466	0.0002698115426877586	0.000508024065587428
0.00024022188250161526	0.0002626673294385607	0.0001505995444266876	0.0003613263470524363
1.7000903802645562e-07	1.757559111070438e-05	2.479210702056841e-07	4.8681978524717116e-05
0.0004685122890176456	0.0004664147021591743	0.00035506220955783556	0.0005921155992850113
0.02141932052073559	0.02153924304510967	0.02026017043966029	0.023009621107663768
0.004423640430808011	0.004528824243674658	0.004072309479430021	0.005007395117450632
0.06042990122946637	0.06113574362940408	0.057239575577022375	0.06465342772805316
0.039243782945263594	0.04115001280463312	0.038532447043645196	0.043431897068323504
0.004507046750865783	0.004442921348376288	0.003981105247832751	0.004921646568529858
6.299793772079753e-06	1.900160391536896e-05	3.249655778762373e-06	4.859257021227563e-05
0.0005162158513813884	0.0005818114092984265	0.0004262191450632637	0.0007215922245938042
7.686087556914936e-05	0.0001299830143445364	5.812602716640659e-05	0.00019916381807688724
1.9710683694149123e-06	1.933915750049872e-05	3.6077932237244597e-06	4.8428698723170866e-05
2.2189619327590643e-05	2.3093816122822735e-05	5.046091177198825e-07	6.069446627405709e-05
3.13230323083137e-07	1.244775899762666e-05	8.117007859476546e-07	3.900173920182453e-05
5.4541288178928825e-05	5.426823895553139e-05	1.166019943272108e-05	9.609265651495964e-05
0.05302549293870272	0.05614224832195144	0.05287337176775258	0.05953664462122597
7.773152523490829e-07	7.344336156422429e-06	3.8916150740890196e-07	2.7464941242958683e-05
7.326529476202723e-07	1.063422582451812e-05	1.599327822823532e-07	3.9490521372768556e-05
0.0022533676435825514	0.002309041543341241	0.0019849751216239127	0.002595192724347504
0.000316911730164904	0.00017620010902331785	0.00010905703983608624	0.0002557275312910518
7.06815149182074e-05	6.478953963780264e-05	2.1731800205319927e-05	0.00011745687894306772
6.249784010065906e-07	9.768302955377643e-06	4.008944296401566e-07	2.3183971846529072e-05
3.045567037350932e-06	1.0395146661685639e-05	1.223029970377347e-06	2.8135802239812874e-05
0.018294283491419545	0.017345599915251458	0.01628840881425272	0.01863501433098336
3.468529088303416e-05	4.000402046043539e-05	8.435065947447388e-06	7.659249166692449e-05
0.00016258629518576157	0.0001115621371041056	5.247408904246921e-05	0.00017119112144268935
1.6878830353214297e-07	1.9068599994689983e-05	1.330922148517426e-06	4.0397214474134165e-05
7.691835886806305e-06	2.2706642448038852e-05	1.9131275388708753e-06	5.794646624632812e-05
4.504036012222629e-05	5.139651939748196e-05	1.581230353310331e-05	0.00010065927499416584
0.00043742593219877506	0.0004524759121278463	0.0003308564244701809	0.0005671726525545945
0.023175559700885487	0.02274426720135512	0.021225651241955815	0.02418553692012989
0.0005217357574729261	0.0004878488119754191	0.00033513741952245296	0.000622279354759849
0.001477746328220132	0.0014658734004527078	0.001221090725935884	0.0017060558783822235
1.0875621257638282e-06	1.4366619812168596e-05	1.8191051172640406e-06	3.85481074151178e-05
0.0024849095704163942	0.0028228997571887304	0.002512370859529672	0.003167335501233245
0.007478935226967716	0.007897832114545778	0.00725114640658432	0.008497834756195833
0.0005787048806798221	0.0006159527888231185	0.0004787513362173783	0.0007794357118647559
4.587571815366047e-05	9.065601360908932e-06	1.02613419244736e-06	3.095304542880861e-05
1.1268978391245025e-06	1.3135326134146297e-05	3.5860224976334503e-07	3.4026282251007935e-05
0.00024802700699202556	0.00035069223875666325	0.00024015927707491305	0.00046265816300075603
0.0001472702778562953	0.000127393632810922	6.284468692768487e-05	0.00020230651534980607
0.03566441636363696	0.036157624474409546	0.03403328951548992	0.038356334039152125
7.915299429765813e-05	7.789633271210703e-05	3.848877009548754e-05	0.0001259671089598614
0.00010556819298755744	0.00010284579811612056	4.3186892811289244e-05	0.0001677939800046215
0.00016476573044077082	0.0001481331538349129	7.859458642765764e-05	0.00022158756917988194
0.006417070245912939	0.006435721344676618	0.005907974303466591	0.006959457364524093
3.2668359151162295e-07	1.0988007743508856e-05	5.400632574044856e-07	2.997723529649308e-05
0.0009194967701371844	0.0009016743159166595	0.0007135272294475678	0.0010738910371133382
0.0032652299928616667	0.0028532691067150616	0.0025070497763062297	0.0032321638859651274
0.0015189045582726351	0.0015803421760463032	0.00133659088370865	0.0018214665717787187
0.004803008528933018	0.004798301313738304	0.004314227233267962	0.005279013419779451
0.0002160275269083497	0.00026451307377875456	0.00016481922289297602	0.0003714298038490593
0.04299334146566434	0.04493630259798196	0.042153245489416666	0.04784484151105036
1.0504472464469888e-06	5.7309327000004134e-06	5.378134166031646e-07	1.7994300659506275e-05
2.2876148725425357e-07	7.957022282386513e-06	1.3650587902382344e-06	2.411216522352264e-05
0.0003451932126037361	0.0003149316466147603	0.00020595790454254752	0.00041528089680420216
6.838410344992105e-07	1.2859642162609519e-05	5.919438074009228e-07	3.724603463713308e-05
0.035379237996016756	0.035346386434444814	0.033138074675031555	0.03750848392298415
1.0647252014343479e-05	1.6585362558464755e-05	2.2980198319471416e-06	4.3817992870412294e-05
1.919183373727599e-06	1.1416728521032645e-05	7.423410188613873e-07	3.616058805192557e-05
5.908074613475861e-05	6.170965139207028e-05	2.5620886737461662e-05	0.000119016992031671
0.02384785075681022	0.024536848126964706	0.023058927093765714	0.026131615050801686
0.013950755338439983	0.01457863927608194	0.013603320837532644	0.01564089378652964
4.1254952845357475e-06	6.699260583623949e-06	1.1910457432433832e-07	2.543106834062604e-05
1.4219103637830326e-05	1.3229553987882494e-05	1.190854784783242e-06	3.937104318122204e-05
1.6633332342261661e-06	1.0220218131159503e-05	5.404800910983353e-07	2.98373546322907e-05
0.018733957228529923	0.019203443656717174	0.01772495446619046	0.020302427344921478
0.0014879523038918894	0.0013784180940926466	0.0011654319941924712	0.0016387408067229962
0.0019319368629359015	0.0022117525334959753	0.0018663074207058816	0.002512845007472647
0.018323410344843367	0.018164130486040795	0.016915115354129536	0.019255248290388216
0.003817521158200366	0.003925553309158494	0.003479271956340135	0.004316184688672043
0.0003695742319690649	0.00045318414526423817	0.0003411948691607243	0.0005728626139289467
6.798593621760251e-06	1.6987260503311392e-05	3.081263013700118e-06	4.552058765483066e-05
1.1098161717235352e-06	1.870881249972133e-05	3.3598645205748735e-06	3.8709841910281194e-05
1.2038467422987725e-05	1.3444618896022022e-05	2.354782468211263e-06	3.4473352798488896e-05
0.0007882805737147578	0.0007755594691401848	0.0005918103110199193	0.0009556108233324454
4.0321947484160636e-07	7.082282951410529e-06	8.284278980715651e-08	2.661087079730364e-05
3.178666135536192e-07	1.3513700601746889e-05	6.520751043492266e-07	3.5048718270097466e-05
1.030582618111197e-05	1.1457035746063936e-05	7.190163454088762e-07	3.451423445304408e-05
0.0003302497688564944	0.0003668024282375911	0.0002539536739214133	0.00048536251387061786
0.010064665021897517	0.011332523397182725	0.010501136534179568	0.012077568680520052
6.449576675145346e-06	1.9392798067084643e-05	4.066928824672445e-06	4.355867559963019e-05
1.4700764594680754e-06	1.0700472872314482e-05	1.0056736770601568e-06	2.792172729211422e-05
8.858789693509464e-07	1.2226092918508828e-05	8.411269614472726e-07	3.078187877668413e-05
0.06248032405757922	0.06210425359667753	0.05812898324690799	0.06566986708126805
1.5979637066111826e-06	7.33993335803898e-06	2.8869071238363553e-07	2.741743729516786e-05
9.577780712121604e-06	2.2602498998425515e-05	2.6700746615416347e-06	4.4985658550298824e-05
0.0002476469786706725	0.00015023036513895965	7.241233304360609e-05	0.00023029896524197582
1.7580525246871523e-07	1.2090216361058114e-05	6.30447323069382e-07	3.101072005310626e-05
0.01845718574968817	0.017752559690289	0.01639494050847717	0.018822505548621152
0.04984833213502715	0.05310216453868876	0.04983907362319912	0.05670244370162916
0.00021361396774953023	0.00018094058685027778	0.00010079053593157317	0.0002592926844326841
4.676701601390914e-07	8.180596677310365e-06	2.3498314793120815e-07	2.100448795447835e-05
1.1703995950233568e-05	1.88313724015815e-05	9.717467142211196e-07	4.190387568057895e-05
0.0019768122520032417	0.0019605133737052517	0.001662403975005595	0.002220009036523572
9.880423377763706e-07	1.4821753640016181e-05	9.67096400337355e-07	3.8585708506611484e-05
0.00020169599203447768	0.00018203965268191475	0.00010157886822026984	0.0002704992571637129
5.377176894175404e-06	1.818683382241096e-05	3.365870395242019e-06	3.839983587510709e-05
0.04810380243650236	0.050470117015980684	0.047275620604903125	0.053347599019289545
0.00090020280884869	0.0008701663587873619	0.0007036067636284613	0.0010825165897329688
4.291291441461519e-06	1.4129703222197426e-05	6.364843402655323e-07	3.8084725854435595e-05
6.346567150434289e-07	9.289265771979425e-06	1.3364643785800278e-06	2.258221224937046e-05
0.003672622600611015	0.003857798088273953	0.0034504449513569125	0.004317582894999741
0.003985216623311097	0.0041553196483749355	0.0037197161264695814	0.004630287768902829
0.0030398904594422685	0.0030068143396426578	0.002664277665931039	0.003355359310865664
0.022062327868131754	0.02188191230853436	0.020576502629655238	0.023449956362650584
0.0007993083009826265	0.0008922328774948519	0.000708306675276928	0.0010717100419079877
0.00024789180861640645	0.0002878310992115045	0.0001881339263191609	0.0003936714723112845
2.1328299360248836e-06	7.688902803339126e-06	6.415705296440866e-07	2.1432220980048222e-05
0.0013372582393611368	0.0013184235962529084	0.0010974719765018085	0.0015569845660486814
0.036020855028106986	0.03604232056821816	0.03387367040350783	0.038490131102927275
0.016068292017449567	0.015661143917279668	0.014685927135206747	0.01673074405824562
0.06160595222156455	0.06336286140351159	0.05937088453552648	0.06714485344262429
0.006375704441145164	0.006532748986110051	0.005956502096147448	0.007090704224778871
0.00018336196881715827	0.00012809104621833682	6.336598766845828e-05	0.00018873569620545628
5.4263000430777876e-05	0.00012197301898075422	6.199768880621746e-05	0.0001882303493310456
0.016192557668178814	0.016060024550963763	0.014953741269830153	0.017112283041016405
0.04734218025631036	0.04976693678090927	0.04649050302531361	0.05257172775994018
0.00034304096469357396	0.00036585948306085646	0.0002525953995294526	0.0004688151195327824
1.797402175497545e-05	6.978625101736005e-05	1.703250427822302e-05	0.0001221140546285815
1.0292450393898462e-05	1.948182777917129e-05	1.8757102502461876e-06	4.080786380855543e-05
0.012633525249122042	0.013304949355996019	0.012386536431423296	0.01420781083326925
2.5535240209338793e-06	1.7624637906186803e-05	2.8137487132129003e-06	4.2206164455250764e-05
0.0021511770586956597	0.0023457631572443914	0.0020469073081995455	0.002676860305359778
1.786815501055883e-05	8.127139925986158e-06	7.175427224123414e-07	2.80313046880994e-05
0.005107287307007215	0.005185499683132311	0.004655100051172098	0.005673736090294457
0.003998555402168166	0.004196096933974537	0.0037576734243991053	0.004677880902355124
0.0013913877066977262	0.0013982358934638169	0.001157111992713232	0.0016170904550452698
0.0005020823908452339	0.000467685334033532	0.00035051137234637337	0.0005973876964540047
9.408600403910585e-05	6.694110850855969e-05	2.0238863440868654e-05	0.00012868266629478833
0.008463128953808956	0.008070481418643909	0.007419408414594827	0.008666813535355167
0.001599414196639342	0.0017639122158446831	0.0015068547078751207	0.002054169799276307
4.9331619705379845e-05	0.00011065045798490202	4.918911498629294e-05	0.000174445619626875
2.329171224344044e-07	8.741801118689617e-06	1.0341818999719249e-06	2.423842496820368e-05
1.7325101419535934e-05	3.343662437002266e-05	1.1380176907224656e-05	5.96427165522614e-05
0.0020364965297067716	0.0019196257663241228	0.0016557268025556955	0.0022133472077151984
7.438206544512726e-05	8.623386994382862e-05	2.859275857418204e-05	0.00015043659800603414
1.3571807999667399e-05	2.28861176894569e-05	1.865699272848029e-06	5.44491244948265e-05
0.0006349841936478878	0.0006547466129398459	0.00049018214334909	0.000814799293007346
8.004674054829657e-07	6.11918876927177e-06	7.171845004580761e-07	1.845270912935563e-05
1.4398433930627674e-06	1.4333440645801763e-05	7.102219200831222e-07	3.73919054077686e-05
0.002211766051065153	0.002315546849436347	0.00196893202605761	0.0026515731271451255
8.090699236421309e-07	8.160390633393935e-06	1.2608386506681808e-06	2.0730569783621333e-05
1.8827260420286346e-05	3.887239686820067e-05	1.6088683587542906e-06	7.90165891797737e-05
0.000395256310728676	0.000424828502864052	0.0003047603380908168	0.0005436199323380037
5.932052193773915e-07	1.1374763042785454e-05	4.6707625123546084e-07	2.820912087630755e-05
0.005158661157614326	0.00525490617117686	0.004756992597136944	0.0056975978905214105
0.033047253279510934	0.035030002045515866	0.03306873785037378	0.03754658879476108
0.051024200971540784	0.051403009040705966	0.04843044943282051	0.054800629275248404
0.014347738349680906	0.014061097937026753	0.01304772888162991	0.015151447886528273
0.0005350682302089134	0.000557570055405203	0.0004231355007362401	0.0006986926353530143
0.027180484148066297	0.02895418233070163	0.0271067952685982	0.0305917973831352
0.0018856743678506728	0.0017635734465780415	0.0015076136002623508	0.0020343785986264226
0.001697334407485706	0.001497249038449776	0.001257802552693136	0.0017217035130446421
2.653276877678666e-07	8.643892395307427e-06	5.286885205923047e-07	2.2254972788395912e-05
4.6578418024398144e-05	6.351129265840301e-05	2.2568850369547353e-05	0.00010740424141390975
6.045123685691193e-06	9.598321999480351e-06	7.652601441764905e-07	2.6543613362639037e-05
1.2010595791696527e-05	1.621936550499702e-05	3.7063174035077858e-06	3.6488574204197896e-05
4.6016715289147673e-07	6.986401289794632e-06	1.4027153352492538e-07	1.7651339504687134e-05
0.0030102735138414563	0.0031577705342482444	0.0027653654522047655	0.003488733526017316
0.00011517284093664455	0.0001206282630213629	5.956991328300854e-05	0.0001948766787682653
0.0008248471803948206	0.0007731070754924694	0.0006050972541026333	0.0009431559546823725
0.000553655294429835	0.0004874787006127335	0.0003561211994496784	0.0006207282647760668
1.914171449960054e-05	7.161991102377112e-05	2.7869322613672315e-05	0.00012347171892282017
5.117699204570839e-05	1.5871572615555616e-05	1.3965458690608578e-06	5.3453139566972676e-05
3.395286712336108e-05	6.200043083291098e-05	1.9830155971252537e-05	0.00010962672329893028
7.918311382928805e-05	0.0001013101865840911	4.1393080348735256e-05	0.00016031322882070051
0.05394042279148213	0.056125832452583846	0.05257999826334613	0.05948530093454517
1.9771835695033107e-05	2.6231082465763852e-05	6.0620461891010395e-06	5.310349834274223e-05
1.829200727956381e-07	7.861869099288332e-06	5.342414056858395e-07	2.3511282881456353e-05
0.02431665346226583	0.0240148755451049	0.022301646932732247	0.02540066467441398
0.012940837295274678	0.012194165636366654	0.011261960877917908	0.013018764860293979
1.4925551342371126e-05	4.0036977078935895e-05	7.369479642921623e-06	9.063483898934967e-05
0.0005523545500599705	0.0005377303955979587	0.0003986071180607929	0.0006798099983431418
1.615038216451529e-05	3.551507307911854e-05	4.7776435576797305e-06	7.340627373969844e-05
2.461991724757362e-06	1.6876725312439343e-05	2.0456010570896088e-06	3.805366566006955e-05
2.821202451746417e-06	2.7728222572922542e-05	5.07350789024772e-06	5.953068261419205e-05
3.5973019256648904e-05	4.858726022081121e-05	1.2811106449531456e-05	9.056454018368889e-05
4.0096458277491874e-07	8.623342694225263e-06	2.828614186773272e-07	2.720260212965512e-05
0.0007225448800581404	0.0007567020073100402	0.0005964041933501162	0.000937524864512156
0.0028152712002625867	0.0025698040832485333	0.0022275780651938542	0.0028907528223430685
0.027755787343266048	0.02811179292194639	0.026246979253617027	0.029777035533422706
2.055120792063698e-05	2.8167709350898695e-05	6.339273777529631e-06	5.54557735198341e-05
7.330014486927645e-06	3.3917353095498214e-05	4.473102263645078e-06	6.797064015285266e-05
1.9396029253023684e-05	4.343516870423418e-05	9.750511576546648e-06	7.595532065323698e-05
0.007164835720420388	0.007323234880019186	0.006656701920975272	0.007952854201784276
0.01857509504369769	0.019380499752269315	0.01817610334780929	0.02069271153147106
3.977224412757151e-05	2.922848496106233e-05	9.297112018877177e-06	5.834111329041309e-05
1.602141432991839e-07	1.3225923503408136e-05	7.685999403502429e-07	2.9499225462148463e-05
2.683970064079198e-07	9.272299296218477e-06	1.2277832156330005e-06	2.6367991141575937e-05
9.797721842465726e-07	5.436041376303148e-06	5.236833393884802e-07	1.5044662695613917e-05
0.0003652013835158302	0.0002829100614425589	0.00018268611225678524	0.0003834785011221107
6.196000420033992e-07	5.017367147487327e-06	2.5879537188729564e-08	2.110190290705839e-05
7.352078389195066e-06	5.532356465701834e-06	5.731106021475944e-07	1.3636288291602492e-05
3.3213729327480833e-07	1.2072389012997808e-05	1.1198799602156495e-07	3.350321938855685e-05
0.0004927160369969897	0.000403219147195241	0.00027779002567856115	0.0005431234815393137
2.0899554879377692e-07	1.1108816040579241e-05	1.1020606968357351e-07	3.419902196516459e-05
0.010216739372320352	0.01047396860737478	0.009738512895830274	0.011286060414415506
8.281624962343428e-06	9.681325652228871e-06	8.484276804498058e-07	2.608448555446179e-05
0.0029306829351442958	0.0030494030292450474	0.00267495368965835	0.003412158637052026
0.00023204582976172697	0.00015921591936827385	8.935448910076684e-05	0.0002356724251517153
2.554844103829833e-07	1.3526078526139712e-05	4.045656287854215e-07	3.224864360407667e-05
0.00023889215428603546	0.00032375236707818774	0.00021220403871378022	0.0004444529500343571
0.0008019119364685245	0.000693317662978305	0.0005482515234631613	0.0008469475983723908
1.6780180226758347e-06	9.077287294160412e-06	2.552136909077708e-07	2.7660484146691544e-05
0.004837028867690842	0.004711265423489004	0.004266619984812523	0.005182478300203083
0.00043866710012356727	0.000476191359508228	0.00034544208944876996	0.0006157545409916211
0.00021020198865673404	0.0002018348096379429	0.00012941822823049466	0.0002897889899970502
0.0005477768407897527	0.00047162470094111393	0.00035402475141287207	0.0006058775443531284
0.001142768275799814	0.0011773186600728197	0.0009682682768121398	0.0014245467222431202
3.5201432337627074e-06	9.489118369037238e-06	1.731581500303106e-06	2.277251556837555e-05
0.004277138600883204	0.004138704235709013	0.0037110628596732165	0.004538682351308971
0.010407046294833256	0.010826449699709934	0.010060251501421978	0.011746207135253015
0.001960655686586354	0.0020472106409012924	0.00177029995060658	0.002350873331597571
0.0012379099416085586	0.0011465920012572824	0.0009517122113114446	0.0013660597438413646
7.134326456751659e-05	6.794193716253508e-05	2.404798033522356e-05	0.0001178734944581708
0.01046057236537144	0.010492421722534971	0.00975035565717177	0.01138952929231071
0.000865355218783584	0.0009278052117198439	0.0007371464995366366	0.0011283370888628187
1.1760834560431363e-05	2.0620350391175397e-05	3.236841483559872e-06	4.438090172458921e-05
0.0001292219728008217	0.0001648835941980966	8.653386860128428e-05	0.0002361427482240558
2.605208873652224e-05	1.4616507363607851e-05	8.932059754115728e-07	4.323732032332317e-05
2.3296165237578148e-07	1.40427907967402e-05	4.433886696558108e-07	3.4964735280251025e-05
0.00027668818365067657	0.0002671633872483903	0.0001792400517165159	0.00036756689173193325
0.00959964064164816	0.010599775879043307	0.009759147900455295	0.011383263830050686
0.03569223159623275	0.037555582668822876	0.03502713056320637	0.0398317602258709
0.001096285811157326	0.001110693664432442	0.0008812039200486233	0.0013236367301410373
4.182423238906476e-07	9.902546440988119e-06	9.893161220624566e-07	2.6632345909943936e-05
3.180815032269415e-05	2.5647128250675427e-05	5.412171734475094e-06	5.2581770206907974e-05
2.681748168385458e-07	1.6414156227657214e-05	3.4169934340599227e-06	3.64831413848844e-05
1.491582262283039e-06	9.432697923264742e-06	4.4412256796467987e-07	2.447899594706323e-05
0.00023853692744420265	0.0002974437062601459	0.00019767956629776002	0.00039836880603201334
1.4667230312686237e-06	1.4041691657233911e-05	1.993194743808618e-06	3.112605934662677e-05
0.00024230565112931296	0.00022310213378768726	0.0001444750655032041	0.00031797587187191995
0.00012246350355741837	0.00015784677102557496	8.113122318327235e-05	0.00023880249558517233
0.012222099223671347	0.012187115169462704	0.011309949141528372	0.013171054199173377
0.0017800768160548327	0.0017140038280648077	0.0014791815551392178	0.001979120851798614
0.01917535055443594	0.01914279400360593	0.017989275271938488	0.02058045676235986
5.705703326659539e-06	2.2946560599933452e-05	2.471460678621599e-06	5.417116881339359e-05
4.348003927147108e-06	1.8154245898804793e-05	1.448844684154325e-06	4.303023419397788e-05
0.0013618866851942749	0.001472557012893688	0.0012615024157021319	0.0017362459633505183
0.018678837646378444	0.01861902533568996	0.017430495448859714	0.01984263992809502
0.05419905407218937	0.059077512916172525	0.05572325704035656	0.062825871596629
0.0006352509348062107	0.0006053583866350216	0.0004547025685310388	0.0007529004687324562
1.125800436903549e-05	6.126732208853759e-06	4.1247501402580053e-07	1.4949007549509847e-05
0.00040744408131807085	0.0004133417490230974	0.000295397987009458	0.0005347920294275987
0.006668053879568882	0.006983338578100979	0.006389813015181743	0.007585248119924512
0.0005370370585527466	0.0005743129173588935	0.0004462712264774054	0.0007244540677933322
7.189282769194321e-07	2.022884542815088e-05	3.915862685716633e-06	4.523777829726864e-05
6.351216521228409e-06	1.2196189894135238e-05	3.3821730638335477e-07	3.439311819561459e-05
0.05638991152955012	0.059187929620583384	0.055598399046622414	0.06273134230266254
4.216132766220467e-05	1.1968983829753247e-05	8.544464997751203e-07	3.267327624088337e-05
0.0002674933201508366	0.0002932184735984288	0.00017536470797554894	0.00039694558499444893
0.00014540585119716235	0.00018943422633742243	0.00011714524560831558	0.00027717139326065635
2.0222926892562026e-06	7.060018887855799e-06	6.572099643758828e-08	2.339466950433598e-05
1.3362391647474685e-06	9.658213916064402e-06	7.932508360752522e-07	2.62414782140263e-05
0.0001034411979116763	0.00010766047137198253	5.011025342773207e-05	0.00016377201537695456
0.05897602912748678	0.059106606577852834	0.055697994214943584	0.06304432475719274
2.581768436276198e-05	1.3714248799437776e-05	3.322955645652816e-07	3.934207233932061e-05
0.0016396693909800776	0.0018549015279673248	0.0015873346644372699	0.0021193866965406928
1.525184511473629e-06	1.0170235348485047e-05	1.269546346527299e-07	2.753642058754552e-05
3.8961280187347954e-07	1.1012577298746277e-05	7.983559501838664e-07	3.0146659663218166e-05
1.2031934177908015e-06	8.684428538033234e-06	4.2550908076208994e-07	2.720258951829593e-05
1.266201538583857e-06	7.423062857415683e-06	7.031975111522019e-08	2.6227177666588735e-05
6.1692811380119876e-06	2.8466863382341608e-05	7.10908870349374e-06	6.402264737183166e-05
0.00016439817201148276	0.0001983063104492074	0.00011898626917309052	0.00028620119625746534
0.003535106612626812	0.0034984950909151325	0.0030597295637164023	0.003876359251657238
0.014183295742546308	0.013095565637356293	0.012160728839709858	0.014011881147243624
0.0006068868410216709	0.0007240568700530887	0.0005723006268362136	0.000886641201922051
0.009896838312315479	0.010158809083601053	0.009400806112927401	0.01090053448101438
0.0003638688003698705	0.00044459387873050103	0.00032726673557912603	0.0005766419674650317
0.0012622571441749115	0.001094547408779914	0.0008832860682557764	0.001333979892025346
0.00016540490135143082	0.000110967948682731	5.706517816003782e-05	0.000174413126055337
0.01591619374656878	0.01669796215007785	0.01560050120449915	0.017830523918738843
3.0676747721959265e-07	9.333119184203707e-06	4.4400898639032396e-08	3.6051062953883884e-05
0.004021865439432849	0.003843009732136391	0.0034149141584051243	0.00424890837438961
1.023763105737769e-06	9.862410567541327e-06	7.310889914679528e-08	2.8558987626189747e-05
3.334601551880114e-07	1.3339287890664411e-05	2.9578688484552672e-06	3.098895501859732e-05
3.3474364026377836e-07	1.0650171107752177e-05	6.518648713399167e-07	3.185370000734706e-05
3.0559505870911296e-07	9.738693344259738e-06	2.2178963490409877e-07	2.8954682394170865e-05
0.00012565255929461694	0.00010745335221819701	4.52554738569612e-05	0.00017473035964447834
2.9779030873112624e-05	5.131137270922627e-05	1.83048856169093e-05	0.00010247732517637528
0.06666331207601481	0.06860728965908668	0.06431227888049444	0.07253415364130579
6.367885267699309e-07	1.676801809411457e-05	2.5948968799491743e-06	4.4770649140669915e-05
1.0881387413269223e-05	1.2741902376696136e-05	1.4427081439667587e-06	2.8748092529306655e-05
0.06510822168115782	0.06540880770013675	0.06143688335810085	0.06976274077013671
2.8316678010353313e-05	3.9382755510953586e-05	7.974305764188083e-06	7.76918863801832e-05
0.014744621094771322	0.015637441502424968	0.014550923901809511	0.016711796804447097
0.0002503834355907837	0.0002945742256512192	0.00019526170939938465	0.00040484205200663824
0.03651268092837436	0.037515571127075646	0.03522474565542749	0.03992911759409528
0.01514225669605425	0.014431539157663795	0.01339783089959174	0.015378871778867941
0.003823556927332917	0.003760926551969688	0.003370391420651291	0.0041334115903573325
2.3526495760638185e-07	1.0587994826536972e-05	2.466355294106528e-07	2.9218728949300868e-05
0.04123562707113585	0.04144238770066046	0.0386804954275287	0.04379918214979083
0.00013174373246567072	0.0001483468552200771	8.123769683687322e-05	0.00021767286023574613
2.306514357522464e-06	1.293579488536346e-05	1.0078299512035334e-06	3.578866787974587e-05
0.013250281908363496	0.013531548339728128	0.012634982592420612	0.014600329220557403
2.851824273749847e-06	8.940394053381035e-06	5.600586873411675e-07	2.5240146117040765e-05
9.408127986338317e-07	1.1646245291004776e-05	9.089241341459793e-07	3.096579856977892e-05
0.0018966972759235352	0.00198739977089856	0.001670644324815066	0.0022784315826605596
0.047665139959295034	0.049784630862943643	0.04707190009636305	0.05305692286504272
0.00016180828248352487	0.0001764563026811133	0.00010566833519705786	0.0002533802446912586
4.9903803190589857e-05	4.889975856029282e-05	9.197191514113862e-06	9.183474934704144e-05
2.0745786253491261e-07	5.67706214763448e-06	1.9016475806574694e-07	2.2846412458097412e-05
0.00040382992842188925	0.0004506280072039393	0.00032517225926942454	0.0005942645680292669
0.0424172316321331	0.044052305684035696	0.04130460764320413	0.04682705598816168
0.043983288271024	0.041985750908750445	0.03939371717438004	0.04446995425376613
0.027019580499485968	0.027066205408796267	0.025239394555315355	0.02874657034410003
1.7090684895592431e-06	1.2284715502737982e-05	1.4606766929501154e-06	3.1728395080653175e-05
0.0005032924405938273	0.0005114356769479417	0.00036662481513155174	0.0006481700050562893
3.302094576643317e-05	3.8473845331518884e-05	2.9966309835350356e-06	7.918947227880766e-05
1.7285019754568327e-05	2.980727638895686e-05	4.2807126757087394e-06	5.993488357408487e-05
2.503624331113424e-07	9.422726876651421e-06	3.917355218283996e-07	2.601378048909932e-05
0.012108139607041135	0.012386444226767315	0.011391751130944358	0.013194791333526084
0.000961037942995461	0.0008970894541050807	0.0007316281574704039	0.0010993549517850471
4.843257234627205e-07	1.7882871621611627e-05	1.3111426374088482e-06	5.7719771858746745e-05
0.015455539655648129	0.016218181088040434	0.015172781920938516	0.017383980359059564
0.003984521813143788	0.003968241274678358	0.0035642498498230195	0.004396875752974129
9.547710984949568e-06	1.7572840881452363e-05	1.8052135867814468e-06	4.421528891328553e-05
0.006343554494189757	0.006169554273878385	0.005639088755579327	0.006761513006651229
0.00011263548551417564	0.0001629430928180409	9.552274295100559e-05	0.000246012532292414
2.0500244862672967e-07	1.3839063673074e-05	1.1897891667807938e-06	3.0784618445348706e-05
4.311307636786581e-05	9.07480002448983e-05	3.239057316710977e-05	0.00014562571065651926
5.089424953639159e-05	4.846318929925387e-05	5.606660019620618e-06	9.183126932152977e-05
3.449512550834683e-06	2.2915474302043912e-05	4.066639739919236e-06	4.831495573188209e-05
0.007405445920960448	0.007361360322796714	0.006710392440910576	0.007977982264213155
0.002443381998184335	0.0027783383001690723	0.0024475983867193745	0.0031450692565307766
0.0003135398541860932	0.00047053842911619234	0.0003489436423976057	0.000611849407305107
9.30968295561284e-05	0.00010181498177716423	4.521245775929799e-05	0.00016762057532830117
8.667287943071782e-05	8.931119806681909e-05	4.583207926183924e-05	0.00014994451977282772
4.955059427196431e-06	1.155394624517928e-05	4.705221677990031e-07	2.5618174288040832e-05
0.0003987431473091689	0.0003692239135655376	0.0002543198490860652	0.00048118323324713395
0.0027381099416986603	0.0033204719663364906	0.0029459362273908775	0.003701382384307278
5.208364652472237e-06	3.964694048521587e-06	1.2436754868530807e-07	1.7288083102342564e-05
0.00013638267937506832	0.00020245452292247732	0.00012726789114835078	0.0002907531747969714
5.575706565784351e-07	1.1309688184525106e-05	1.0015783834841466e-06	2.997319528251251e-05
0.0016316791727870783	0.001726302482128807	0.0014269498848971337	0.001966695931208649
0.014880045474977358	0.01450898195557612	0.013413541139840784	0.015478910969915613
0.00024370503108403916	0.00023072209595462073	0.00015061413953092192	0.00031290377290195707
0.06234087669258283	0.06453324312313873	0.06045651884792831	0.06832303894556861
1.582326727020019e-06	2.6421646648243683e-05	2.760457800100123e-06	5.211601463088092e-05
1.8242981651262502e-07	1.0926745030939794e-05	2.31467533477566e-07	2.9511552295502235e-05
5.8460832060550105e-05	4.962458065267129e-05	1.145995046210039e-05	8.713226264444224e-05
0.02763031648275054	0.02978208168523391	0.02799699497181202	0.031689036070832295
0.009087446643180995	0.009482800815956923	0.008794019018027822	0.01026518939564762
7.225498480960201e-05	5.311501657871615e-05	2.1484456227162802e-05	9.290191947589909e-05
0.018919306098906047	0.019637182552619294	0.01843397306532019	0.020978034772339955
2.920863026126824e-06	9.969620779111701e-06	6.153944679871579e-07	2.4290257793659608e-05
8.050354895352871e-06	2.0542668262315812e-05	3.6843692665247817e-06	4.712250350663257e-05
0.0016606594657147314	0.0016754061232004827	0.0014194402081248536	0.0019261284099485938
0.001868666813821629	0.0017697638169345679	0.0015160716912537698	0.002024516665851416
1.9841765794554145e-07	1.4793495949422098e-05	1.8500789674370564e-06	3.8420492774234376e-05
6.3458991212665445e-06	6.617795378331868e-06	1.660618523383949e-07	1.8052583568755242e-05
0.0002900902314450206	0.0002804109493140556	0.00018005656409380395	0.0003974385466727122
0.02728649745947792	0.028000742926285536	0.02612247546625692	0.029833199777227627
1.265038616474115e-05	2.3363318467582468e-05	2.5590373407098783e-06	5.393506966183121e-05
7.393571591473514e-07	1.4379810776872173e-05	2.6318653929676432e-06	3.497078261991076e-05
0.000126120595105976	8.094468888473969e-05	3.71186999094318e-05	0.00013737566017014413
0.001353149048948532	0.001404071411763874	0.001170688714082113	0.00161893212961754
7.494751298083913e-06	2.3327691433039945e-05	1.890211986765658e-06	5.556114989792075e-05
0.011123449052843007	0.011198901339231347	0.010369110796957374	0.011959298640726045
0.019734506973861764	0.01948948839451617	0.018264590525406105	0.020812154715243718
0.0033279438631715875	0.0032056565527413946	0.0028557044911497837	0.0035985289824723623
4.6133206038069e-06	1.772565781095988e-05	7.503022040062724e-07	5.909655148384152e-05
0.03014052808654666	0.031403485353619545	0.029473766334919643	0.03326516129331951
0.030213673246682008	0.03197855529114138	0.030132171688884966	0.03415798775449573
0.002452284399942559	0.0026280201628855163	0.002302302445702067	0.0029591679783604907
0.021037168278438198	0.020556556766284654	0.01924027288368024	0.021840585587658966
3.3788641065155567e-06	1.6961804560737405e-05	9.302421056878423e-07	4.353979179330825e-05
9.566705606284874e-05	0.0001188049238722086	5.465265014227533e-05	0.0001884958689200369
0.0056860624396738	0.00613594851104966	0.005599292618704955	0.006692842515088411
0.037145610942577414	0.038470919972242945	0.036046468516554915	0.04091741260207297
0.0006076100076240102	0.0005564940033407384	0.0004086001055378788	0.0007076247045837559
0.021068494267252953	0.021865410409360613	0.02060347302939538	0.02342076362357534
0.0012345681663749443	0.001086735642992639	0.0008971625301997233	0.0013105992660119028
2.718227407846323e-07	3.845451999353434e-06	1.710218272081785e-08	1.9391819839354338e-05
0.007733456911291212	0.008558762040107519	0.007947627226689385	0.00931082361305935
1.8900335889349268e-05	4.0341564167590925e-05	5.007088033065871e-06	7.21271710144356e-05
0.029407298619750423	0.028980291267053513	0.027098068443843507	0.03086846694216573
8.196761016853207e-05	0.00010615280209386605	5.124299421979435e-05	0.00016855853995762234
7.914465442913422e-07	7.825375526288688e-06	9.188178752001236e-07	2.0901049193742604e-05
0.04222928704272456	0.04116776296301565	0.03879046375071021	0.04375009820220731
1.9421448876321651e-07	1.0384467488580862e-05	2.187128268446982e-07	3.3087193586596653e-05
0.0010088443869334955	0.0008840465617652045	0.0006985457894852524	0.001060155208714991
9.627963608933975e-07	7.350204919344292e-06	2.218901595142351e-08	2.304546974680346e-05
1.1676717225359243e-06	9.37401510818875e-06	3.8488299389842534e-07	2.8593700064916995e-05
0.0007106348501217972	0.0007266540672689964	0.0005631190132983565	0.0008818821107028411
0.05278493994836774	0.05251955420758265	0.049248870407875525	0.05545708400044631
0.0012780864941427234	0.0012776373392063192	0.0010580228073622767	0.0014756451410351467
0.0030545146144948447	0.003093888980929016	0.0027399581930285127	0.0034754350347893015
3.870616717199301e-05	5.440172354324311e-05	5.460907110291793e-06	0.0001006181617491758
9.436742747202409e-07	7.2950383014638864e-06	1.7596293943010556e-06	1.6594010242323283e-05
2.5718817067207833e-06	1.545057619270319e-05	1.6403054900023484e-06	3.527904793189748e-05
0.0031644719446329945	0.0031658509034184767	0.0028037719791474797	0.003533419778580104
3.16219430944734e-07	8.298563212096527e-06	5.812308209183678e-07	2.520135816257057e-05
8.984040870982965e-05	0.00011346055400040224	6.1020119134498526e-05	0.0001730217086263341
1.6228702364289421e-06	6.78573652804342e-06	6.631845339263054e-08	2.038525800895839e-05
0.00055805649168661	0.0004791993610259292	0.00034393387547714725	0.0006240532642121325
0.00019851142168527644	0.00021695402624685153	0.00013409310777727742	0.00031215804914113825
0.00024378974582683305	0.0003042320579033233	0.00020621451454124596	0.0004162566762969305
0.006346121346524547	0.0068604141525669985	0.0062797621045187855	0.007457393429950697
0.03034912881446704	0.031125229278452994	0.029307682590488507	0.033104643588097865
1.9014097056676655e-06	1.2881213765285334e-05	1.445981589274091e-06	3.476259540058028e-05
0.001614988287927452	0.0016971993366301566	0.001453084066911541	0.0019617458475277515
0.0013310873006079772	0.0013661402407761222	0.001149903178348041	0.001607326656287358
4.440977076718143e-06	8.085207207118976e-06	8.48714454820462e-07	2.467749332240612e-05
0.022468016757645305	0.02338389293002422	0.02193250258622619	0.02480505252837025
0.0001553829843771294	0.0001994662288196769	0.00011476999437367864	0.00029427872603607905
0.00021659878814910184	0.00016408741061089328	9.630285755504004e-05	0.0002517144402238714
1.0249493498114321e-05	3.440220190835792e-05	7.375904677821276e-06	6.888349421143656e-05
1.25904500166843e-05	8.172750679537126e-06	7.046315593209594e-07	2.5791240675324255e-05
1.159806613637157e-05	1.2414351511866716e-05	4.968154553990457e-07	3.56954956616977e-05
0.05087839267836528	0.05154410779935326	0.04860118219674399	0.05452629483075469
2.173593516460929e-06	1.7007610188601054e-05	1.4563525290051114e-06	5.1949917691439556e-05
0.0008913620537017316	0.0008734069954255027	0.0006885251995307602	0.001054133880855004
0.00026940802978779214	0.00022342592655468082	0.0001446618110564814	0.00031575741873438983
3.0561114012743653e-07	4.712717357738753e-06	2.2012217186288697e-09	1.678341053792522e-05
0.00017800901805226319	0.00018005085084028767	0.00010543108844457545	0.00027155912942828823
2.3112495382309604e-06	7.542795558975074e-06	5.391384363961807e-07	2.2989254035220105e-05
5.076012751973824e-07	6.538985275789445e-06	1.1867916817742318e-08	2.5652870338117203e-05
0.012379235018496483	0.01340771892189756	0.012475132508981863	0.014369470995366937
2.2210288501918749e-07	7.840408136120904e-06	1.3604704741405947e-07	2.6400270092349807e-05
0.044576639648038124	0.044363577940246264	0.04184659026332159	0.047132073488514885
1.089771465134279e-05	1.0997453919000115e-05	2.4869154990954694e-07	3.914085296605287e-05
3.1890784221042625e-05	1.7480018351372565e-05	3.5145241122611587e-06	3.9390400144885895e-05
9.035542943704122e-07	9.188962901435145e-06	4.751551146565147e-07	2.966550576180932e-05
8.094574596120468e-07	8.298202899200687e-06	3.404033392756614e-07	3.0280784838292746e-05
3.346131866136826e-05	5.413579616236779e-05	1.6343200871639457e-05	9.593945158570254e-05
0.00046852460940352266	0.0003335872900086937	0.00021164643071159577	0.0004363232060613203
8.659474451020797e-07	1.1953985990635676e-05	6.681677379325264e-07	2.6825953461964266e-05
0.048095117230638126	0.04690106178116172	0.04413111387197621	0.04965497504840028
1.6217111647302988e-06	1.509113212956798e-05	1.2770684962340048e-06	3.8822351005449575e-05
0.0029908423054774438	0.0029631757844909797	0.0025954603460411592	0.003300500271335147
8.102564406613748e-05	0.00010152939672383306	4.6315574829159586e-05	0.00016561165733123106
0.003306241319890492	0.0036258284377223625	0.003238000973221314	0.004022626866948869
7.920330872665001e-06	1.930485465131281e-05	4.144558023785512e-06	4.210001289707038e-05
1.896074911611616e-07	7.590167638435026e-06	8.377819075031324e-08	2.2633822813351126e-05
6.349675193466166e-05	9.839166059332829e-05	4.2909199253585574e-05	0.00015212120924331613
0.0014276181331099446	0.001295338705996329	0.0010858401835177457	0.001516883814146731
3.6678172839330813e-07	1.0101862028952825e-05	1.1892758041422678e-06	2.627323128321204e-05
0.0009146156792125374	0.0009628821282096759	0.0008055045490849272	0.0011854984090423893
1.3760080061153837e-05	2.2659038777154364e-05	3.1611859971029715e-06	4.933815080372624e-05
0.000335603271391073	0.00032744585482510615	0.00021940914001752684	0.0004298153593384803
3.039051294670103e-06	2.1433497647698054e-05	3.0966436341919498e-06	5.031833639895171e-05
5.0085443319087244e-06	7.547660580790558e-06	8.608435272918683e-07	2.07822716089411e-05
0.028018321371122146	0.028218297237148304	0.026461003589956532	0.02994889299310766
0.007021826540905605	0.0072129475536910235	0.006573387558495932	0.007803641778881747
1.0273539338157916e-06	1.4266454847046527e-05	4.1339631171086107e-07	3.547966051382443e-05
0.0006874763855454848	0.0006943527459575926	0.0005448429698184291	0.0008588194301229571
0.014862794137995987	0.015318160906880327	0.014255605579252675	0.016325889109715764
0.002337851760857933	0.0024438758723701625	0.0021320787942195707	0.002763822460220902
0.00012520466173033455	9.812578607811471e-05	4.051373797237139e-05	0.00016772134107141462
9.001340311849481e-07	1.184001968687823e-05	1.6429302763569379e-06	2.739451163764016e-05
2.612468311992826e-07	1.0680350388101792e-05	1.0411848869729369e-06	2.2493283736793304e-05
0.007807534318616805	0.007624854658559669	0.006969014335440549	0.008244949913678745
7.109049413108561e-07	1.5363657835751582e-05	2.6421450268163705e-06	3.5766374307334215e-05
0.00013780359638655202	0.00012523529846029033	6.803921419750445e-05	0.00019032032637710867
0.012904361380838865	0.01213769556245953	0.011226996969043342	0.012938492741132122
2.572924727184717e-07	7.822339095602836e-06	1.7768981565177977e-07	2.2762127106141537e-05
0.0012386430850243033	0.0013842717265586315	0.0011348185898362648	0.0016005295932128307
7.506239404583202e-05	3.7102926712658846e-05	5.5312257767179654e-06	7.408073411647363e-05
1.3993205715279131e-06	1.6074552360617713e-05	8.745289054882873e-07	4.68926762414017e-05
3.5338262640073717e-07	1.0667323670229305e-05	1.0064081396397646e-06	2.5753062884699756e-05
2.3653801116758693e-07	6.688567086460992e-06	5.788573159134454e-07	1.6687241456516905e-05
3.6149269667359646e-06	1.380842959435267e-05	9.759339611276628e-07	3.0433664820858875e-05
6.718927397938556e-07	1.0142451328697208e-05	4.966197940457355e-07	4.438386780960841e-05
2.9776634980392432e-05	8.285989319406029e-05	2.5142418573619925e-05	0.00014110196653005123
2.6877232315987593e-07	1.034296235844064e-05	1.0841460731611525e-06	2.891582679805596e-05
0.025832580077635312	0.025524624875615708	0.024010705852526036	0.027101710184362346
0.02891777472905747	0.02918993540806556	0.027429988527635337	0.03097293614835045
0.005726666954218195	0.005865736846476378	0.005372700038661558	0.006380095438336231
1.7922407375924301e-06	5.209439384922684e-06	8.651895441745476e-08	2.3512113349281958e-05
0.00031697171287111737	0.00036564451080768346	0.0002596233721580547	0.0004859601107972368
0.01915526543201929	0.019755997409333474	0.018387195496320886	0.021171515310641938
0.043841331612668656	0.043555931014848566	0.04097905393947686	0.046574650154344595
3.739800894331302e-07	8.930600098923112e-06	3.931642301864615e-08	3.7718625350855545e-05
9.582658177026985e-06	1.2836429076953022e-05	1.2028866596639224e-06	2.891418881822212e-05
0.001312623595028799	0.0012389392756750825	0.001027510108029686	0.0014783069027983168
0.000629938251741751	0.0006576163379043456	0.0005078650942490241	0.0008073177170825599
0.000570487942148994	0.000657552872010711	0.0005157007350410935	0.0008219461154161337
0.007263211232941365	0.007049596400340873	0.006438031864466797	0.0076503460896569005
0.0016205788016524086	0.0013672412055048045	0.0011514497137514994	0.0016091160869938833
1.208627906155468e-05	2.071958225454967e-05	1.7760548674818382e-06	6.546350384259562e-05
1.371114406779625e-06	1.5801619255423453e-05	3.0211930988580572e-06	3.7700646145974225e-05
0.0031640427698948095	0.003112875592591915	0.0027405356791268556	0.0034958877504851654
1.6465162597750794e-05	3.4522361968835906e-05	6.046590316583584e-06	6.706575756102648e-05
4.876869476197328e-07	2.32545763820979e-05	2.623671266816817e-06	5.1621427071424455e-05
0.0020062337945878747	0.00194981151447867	0.0016563000585845377	0.0022328872215874366
0.014313846677732464	0.014807685012354	0.01381632653998129	0.01587234813661009
2.659662567987683e-07	5.446024417140733e-06	2.3411273255346693e-08	2.345341225471241e-05
1.5048153919360944e-06	1.9856761149923696e-05	3.6151461002852454e-06	4.554578098549756e-05
3.6222886345022666e-05	3.325028951078062e-05	7.453214202611967e-06	6.80700123785012e-05
1.291730435623613e-05	2.531922675341306e-05	2.915453342568035e-06	5.623690620813698e-05
2.7833776347221407e-07	1.3094865183691897e-05	2.9328288577815427e-07	3.148066631806579e-05
6.735025855980328e-07	1.6164175306311805e-05	1.4488960761861888e-06	4.7648233125983106e-05
4.571628000593909e-05	6.741798576062865e-05	2.47321049643927e-05	0.00011412749554766593
3.915229174187457e-07	1.1690909607311801e-05	4.818124505474294e-07	3.4339403166098696e-05
0.006175594614057441	0.0065707787930844265	0.005984019716891048	0.007147581187693975
0.011792996803557701	0.011732721131939575	0.010856336974093822	0.01268401840085909
8.531582092934847e-07	4.763878827342296e-06	3.200715858147923e-08	1.8565589589333175e-05
1.9092700221868576e-06	8.924388547010224e-06	6.805961273175035e-07	2.3532581928026184e-05
4.539202759416476e-05	8.375542607127959e-05	3.5024433282221607e-05	0.00013462579840419265
0.04592708526653864	0.049334847490544356	0.04639813516768602	0.05255570173202337
0.003563755939945373	0.0038293293522648503	0.0033766506606512986	0.004246442375187284
8.604560531799871e-07	3.1056464160926465e-06	2.7708525652221736e-08	1.250447445669469e-05
0.026039286715685426	0.0271003335952225	0.025396211951911735	0.028765609091146106
0.0071738770744978735	0.006919557906305684	0.006315883535926387	0.007511445331473492
2.5399096148084955e-05	3.9360626822876504e-05	7.02510843473309e-06	7.409370154095365e-05
9.644298075812635e-07	5.322711478029434e-06	4.009605029866918e-07	1.666023401169719e-05
3.062502628341775e-07	8.107294615953208e-06	4.830418036198046e-07	2.503395365774947e-05
5.185095574237908e-07	7.2369106102286e-06	5.487931294822906e-07	2.6930934142095923e-05
0.01546029005553698	0.01509769265595497	0.01406658636587227	0.016236770451009255
1.3792538449846169e-06	2.578445916947231e-05	4.32203915201321e-06	5.338153275760594e-05
1.724591839821176e-05	2.157818911330441e-05	1.7262213777400097e-06	4.916325917555405e-05
0.0007555442587096082	0.000741783289811137	0.0005859195543349522	0.0008994555390386587
0.0003977660090112669	0.0004538506917702649	0.00031592607108290514	0.0006068273203502007
2.615512247160024e-05	2.2663115256187105e-05	2.501046809753682e-06	5.151038621683364e-05
2.0077241942947957e-05	3.65621940536271e-05	1.1608253575829669e-05	6.585518272372816e-05
3.529285562241735e-07	1.0429191346490466e-05	1.2653063855798349e-06	2.4199614776189588e-05
4.063543359507716e-05	5.170947063059128e-05	1.769036437898724e-05	0.00010287753078735691
0.0017656733547816092	0.0017329216403625474	0.0014177337692749276	0.0019441924197280448
0.003304184311534728	0.003387893163307601	0.0030140861882332853	0.003765055048147268
1.9379319639167867e-06	2.093303393481059e-05	4.025412315241097e-06	5.430192928015775e-05
0.011306916180206034	0.010561120437153232	0.009812439448520593	0.011320856830884227
2.260329031081751e-07	1.4032075398404902e-05	9.897335883924548e-07	3.795156164846894e-05
0.018814997099050566	0.01852700353190054	0.017219264357006922	0.019693875548890627
3.349242140196422e-06	8.485345244767554e-06	8.001545816304399e-07	2.205285225986705e-05
8.255538215462172e-07	1.442923451096581e-05	2.5072734834100534e-07	4.104250195381043e-05
9.618738365532251e-06	1.3936022054968483e-05	2.181238301232309e-06	3.587835646640082e-05
0.009415828404191667	0.008910576388990909	0.00815732224172736	0.009590295750688678
0.007605210316685916	0.007441771141163246	0.006809817789869988	0.008051464375122937
1.379086772347537e-05	1.5544324033159976e-05	1.2125959891132837e-06	3.9020582965597666e-05
3.501410275522847e-06	1.4016484580786956e-05	8.534775995928414e-07	3.491074709676798e-05
0.00016245114513614147	0.0002454594945977638	0.00015959719354791468	0.0003467525579049648
5.268343850882471e-06	1.444757153258094e-05	1.7049955392199772e-06	3.137592266734792e-05
2.434068730911294e-07	9.370890655981747e-06	1.1030430063936454e-06	2.4215972061727187e-05
0.0005309452463301489	0.00045933643962534244	0.00032629082154182797	0.0006001006450109276
0.00013271285184805545	9.175553348163543e-05	4.3072696044853824e-05	0.000146926244030611
2.6836417589127385e-07	1.6146670450093224e-05	3.1888741887497453e-06	3.633566991226591e-05
0.002881277919339956	0.0029409378710533868	0.002601495133448126	0.0033210033056856655
0.05757439140571645	0.05925037587379096	0.055870512404233685	0.06294632728442734
0.005093946156766567	0.005244991971073274	0.004764750318091882	0.0058080660390150245
1.3495288032466786e-05	1.2136921247123341e-05	6.060244155649622e-07	3.709120278315336e-05
1.207233624019638e-05	1.663420398477003e-05	8.804059175033674e-07	3.929382832743516e-05
1.489162746210597e-05	1.9273749842751405e-05	4.319384283124882e-06	4.089355586968246e-05
4.8719028363654143e-05	7.945691595348527e-05	3.365981024237996e-05	0.00013128981125369227
0.0002863779711560232	0.00023066556948478852	0.00015040235066426092	0.00031813552318001406
0.000469237272571799	0.0005274866973375037	0.00039428031817621915	0.0006630879046047102
1.549376790185048e-06	1.0910340734892198e-05	6.74944102519458e-07	3.4303662240561976e-05
0.011620815030370267	0.010950789586609604	0.010152495846898157	0.011756025637021016
0.0015619693830370201	0.0013236546084008495	0.001100231564334743	0.0016012673519459908
1.424358566551255e-06	1.0570465622776793e-05	3.38677514188592e-07	3.092406488516187e-05
0.010220447255587928	0.009062179168874545	0.008367254626031941	0.009756554568705847
2.014785749323812e-07	5.1050694771578875e-06	1.7456327874534752e-07	1.9188125702907088e-05
0.0006416353513428917	0.0004862455160802456	0.0003565977629295799	0.0006310605143803799
1.2790170651877247e-06	3.049904290411142e-05	6.0173075115217e-06	5.351511924089182e-05
4.398209360142667e-06	9.18627241402002e-06	4.927401668927586e-07	3.055859992638405e-05
1.3256784878003483e-05	3.098212801160102e-05	7.025375007793366e-06	6.010541996787833e-05
1.6864741713029687e-07	1.607809700923842e-05	6.147257607933175e-07	4.221822670740046e-05
4.6019464306343496e-05	5.399788122234357e-05	1.3798230362619914e-05	9.558432530918219e-05
0.004814044233084141	0.005126149178618904	0.0046613405953066945	0.005616888841327738
0.0009970598178818111	0.0008585484234063718	0.0006763638146527087	0.0010385255475116111
0.00018312646326393343	0.00016493574007256002	8.842173024219169e-05	0.0002461583280789045
0.00023492876188670823	0.000252535884803846	0.0001652905957517309	0.00035277967103694
1.8670086486006006e-07	1.2329685169265342e-05	1.828824629050796e-06	2.732859008725981e-05
0.00041979366867544586	0.00038954654002185227	0.0002672959427552023	0.0005085734042732055
0.057736395732409934	0.059912042393139624	0.055830881083124034	0.06325615082846256
2.850180224315323e-06	9.748928865085693e-06	3.204014396705737e-07	2.6549221991998798e-05
0.0003165587419702796	0.000394053336518317	0.00027549206149715357	0.0005219091256215555
0.007882442568091463	0.007844017527449327	0.007199828191608198	0.008441741175775844
0.004538341751424632	0.004488407013891951	0.004057540355588568	0.004966105010957064
1.11447596437865e-05	3.039305971740047e-05	5.304734963626189e-06	6.039446729625848e-05
1.6020101084644103e-05	4.4185650125539034e-05	1.1844158132631347e-05	8.613833603306603e-05
0.03991696426978391	0.0384309999775755	0.03615794425941469	0.040821869033719385
2.8386894093662342e-06	2.5244594232753665e-05	1.5337244243481478e-06	6.549240555980268e-05
2.421349823419179e-06	1.0507575529418242e-05	7.951545360915157e-07	2.3132040785929123e-05
1.1466922969528798e-06	7.559064025713676e-06	1.6897096760476146e-07	1.9746997316426926e-05
9.68262405650867e-05	0.00010103137006203575	4.154017428670884e-05	0.0001662497538276764
4.617100551045865e-06	1.0282937714094332e-05	1.4828751254747758e-06	2.4766239380326518e-05
0.00021029214744548562	0.00026006017244476474	0.00017368414610026173	0.0003591357675323485
4.0099466208957285e-07	1.6677343370387445e-05	2.952875175182254e-07	4.561325307257051e-05
2.1122198434213172e-05	1.204296468802817e-05	8.578627498128699e-07	2.945921366497021e-05
6.164658986799635e-05	7.744370780301777e-05	3.36758556260787e-05	0.00013723569801883634
0.003786777489238194	0.003425246434297267	0.003017983713510942	0.0038086093035178755
0.0017822826185404433	0.0018065755523729056	0.0015015181570178096	0.0020581365647367707
3.1250416314298325e-06	1.3102516696773267e-05	1.3919858908542345e-06	3.6978804293718226e-05
2.1411021981767397e-07	9.691946856675274e-06	2.5409828969268895e-07	2.8951823363310797e-05
4.387636150528029e-06	1.2794685596612385e-05	6.947178415565547e-07	4.4831689540883456e-05
3.1823869045430016e-05	4.9487384619276365e-05	1.2355152668461731e-05	9.212891490520186e-05
1.736530434645369e-07	1.421452766963779e-05	7.790737239870266e-07	4.35550373739124e-05
7.06049189275131e-05	8.931972188830033e-05	3.538320701416474e-05	0.00014928858544997653
0.009873740686885797	0.00908368191982285	0.008416052269832348	0.009875102423248197
0.024722601889225735	0.023709953349601895	0.02205684375858127	0.02513811364688847
3.1344462176084274e-06	1.903488550057197e-05	2.9700914433957433e-06	4.0747484939818785e-05
0.05955324926862887	0.05885952284780459	0.05500268715424836	0.06218361972463558
1.6832778972124956e-07	8.755857720670229e-06	6.575805108489986e-07	2.480780698959703e-05
1.2050319916318022e-05	1.633632018390788e-05	2.1890937527822994e-06	4.2075245439090174e-05
0.004351587311691495	0.004697873393047306	0.0042319974737505825	0.005170187594181008
5.588956827163908e-07	6.267750736522257e-06	1.689920782672559e-08	1.991849671154392e-05
4.833290108310894e-05	4.752987287047848e-05	1.2708117748223577e-05	8.41994704586868e-05
2.1720265760585924e-05	6.047030632360178e-05	1.9724946042637694e-05	0.00010895903169292964
0.007634935043607394	0.007248891493308753	0.0066159138694485324	0.0077775965720114455
0.0015966199169051094	0.00151996325149002	0.0012890995129624723	0.0017622817351033075
1.5569038625494824e-05	3.1566643417349906e-05	6.8339434059890055e-06	6.037143532722769e-05
2.143657280842872e-07	8.207236226521323e-06	7.242339950755478e-07	2.296310750419435e-05
0.0012567979218628094	0.0014276808946470715	0.0011879977529913358	0.001669544687249905
3.675037133349687e-05	4.290673202319112e-05	1.2151400638566645e-05	8.625972439478796e-05
0.010662850238927655	0.010851053635161903	0.010108156499099623	0.011694528116014596
0.0002704208861667026	0.00030076038877778494	0.00021563399301472865	0.0004175104874271936
0.030775319048303485	0.032420310908343464	0.030616331964271916	0.034614123886346757
0.014167103371579153	0.014347858427485576	0.013379877270159457	0.015353250660139723
5.9336793670089484e-05	4.628481652619608e-05	1.0515189051979399e-05	9.513792380302009e-05
1.9493187983362743e-07	1.0207406578030277e-05	3.230220065291679e-07	3.1624575293366846e-05
3.794304925093026e-07	1.454458629327157e-05	5.127148523089114e-07	3.3372625201259224e-05
9.965752633327935e-06	3.08658573952374e-05	8.3931058675824e-06	6.506550587580274e-05
0.00033813953105231686	0.0002932599632280328	0.00019742866710860342	0.0003985030782181152
0.0004256901238188942	0.00044591272067454155	0.0003219728521528476	0.000582769754280833
0.0001199842028147513	0.00011422248650603052	5.67439161073998e-05	0.00018556927969004598
1.01824285993894e-06	5.8367288948278455e-06	6.828367645437643e-08	1.459113906560465e-05
0.01354763187583804	0.01334967085607651	0.012392818922960002	0.014226604044983274
0.002244968753595877	0.0022015200076119833	0.0019124749940921631	0.0025457556665807847
1.9745353835795802e-05	4.352016701028637e-05	1.0416810700769032e-05	7.904405028162814e-05
0.00725715890906457	0.00732407566930686	0.006728590063432217	0.007956391162263954
5.02031093790795e-07	8.755912619406791e-06	2.0151620880001987e-07	2.7705056891226085e-05
3.572139963063475e-07	1.0865902092970166e-05	1.560773837076271e-06	3.2839605031643535e-05
0.00011023873659022917	0.0001532054501035404	7.677430371229679e-05	0.0002348508871723705
0.028237137208448306	0.02961637906086915	0.027551894559421513	0.031540149564283256
1.0753325841526355e-06	7.174793086831495e-06	1.0800664966577353e-06	1.572611462084113e-05
0.00025149084516610273	0.0002790037173340796	0.00018353038788396204	0.0003659755593704974
3.380340173920139e-07	7.076641961504376e-06	1.0591812265190856e-07	2.161763759047723e-05
1.3995645190190968e-06	1.1953257264469768e-05	6.12563185629786e-07	3.460749698293597e-05
3.8127433446426397e-07	1.2374559494917193e-05	1.3784283582900363e-06	3.2177313898486624e-05
0.019789686877140958	0.020917708169294853	0.019665934950913355	0.022333144361884896
5.162364697015538e-05	1.1472346590227392e-05	2.4825407080227675e-08	3.6693368839943216e-05
6.189949638759908e-07	5.74368999850247e-06	4.066288501760845e-07	1.896017039837808e-05
0.0008711717923117352	0.0010541060192696225	0.0008696969745143984	0.0012589036198053212
0.00010517701941309063	0.00010227935887427146	3.896533423727781e-05	0.00016840936881723343
3.1450567251411965e-05	3.044051640811688e-05	3.5441928461569857e-06	5.935345829889448e-05
0.0019656839582607795	0.002013410280188789	0.0017193819916708475	0.0023039997115489384
1.4515668027867647e-06	1.6164451804743818e-05	1.3870155349574317e-07	4.3376344802861955e-05
2.2815232884811832e-05	1.263466470067311e-05	3.165627309253653e-08	4.322107074073313e-05
4.9718276315274105e-06	2.533817270536157e-05	3.5928855623535633e-06	5.683851940177681e-05
8.486472482126104e-06	1.6392459923411518e-05	7.563820385889132e-07	3.909000025171648e-05
1.5531057115781117e-06	9.346382932544825e-06	6.208846740759855e-07	2.484400106392873e-05
8.144362355763189e-05	0.0001253263790524443	5.767095856759205e-05	0.00021417720415898393
0.0005493825640624	0.0005365497314554524	0.00041187815974251806	0.0006982482134730148
3.371786053229812e-07	3.5300047628579404e-06	1.6053911129625751e-07	1.086005409685953e-05
2.002303882120195e-06	2.4509716308530027e-05	3.8654038777763725e-06	4.96260575866199e-05
5.824864195975918e-06	7.940056382238793e-06	9.711147664776352e-07	2.1431743319297676e-05
0.0015131082222724556	0.0014895098751961885	0.0012382741750557689	0.001729016529934863
1.0887710285982045e-05	3.3796583242789995e-05	6.622579485545243e-06	6.44177764510165e-05
3.8748797770024766e-05	2.7833479103508974e-05	4.421922894989395e-06	5.7887131397258786e-05
0.001454354664889727	0.0013106920524065715	0.0011040256017449451	0.0015641808664747026
1.2261031858677192e-06	8.515976631324757e-06	8.345598086844051e-07	2.895420013818354e-05
4.653138316176715e-05	3.5824663914638585e-05	9.17743155270048e-06	7.170232488509214e-05
0.0005466300809098522	0.0004306273754302537	0.0003071525662742624	0.0005386209654905511
0.02533238840799743	0.024633778804241054	0.023135635862338255	0.026323590942426336
1.59755685964858e-05	3.344415940777217e-05	8.12197659419507e-06	6.810398859954581e-05
0.006411360854694519	0.006189117682341298	0.005636173069674368	0.006729894060341102
0.0006289373609425248	0.0005625757842915043	0.000418674961836264	0.0007097593681219166
0.00166192252149308	0.0017995724268503363	0.0015328139066366235	0.0020797867836701406
0.002250430816588218	0.0022741703447775336	0.0019982642300348827	0.0026219344667463202
0.0459713634482521	0.050048421226994995	0.047068506426832975	0.0528646859573977
3.7886427633874416e-06	2.6720582268337558e-05	4.360560635139603e-06	5.771126200721164e-05
2.7055140376183547e-07	1.0456096970630384e-05	1.2843600813607779e-06	2.4510393116129073e-05
3.87553092999356e-06	1.085522304489139e-05	2.2304534528832025e-07	3.505461667501377e-05
2.7923359499775156e-07	3.846602966289364e-06	2.3700379548301634e-08	1.5615028575405285e-05
0.001467508698295579	0.0014524475606073892	0.001208940519802596	0.0016832917150108443
0.007846616921762207	0.0081464409489003	0.007464673447760968	0.008773607533415788
0.028498081256009108	0.02899155758885779	0.027302899602751302	0.030867614142300503
6.9916284739658e-05	3.219961500696783e-05	9.15520246652997e-06	5.9292335001446404e-05
0.00011987843657587268	0.00010992579291883799	5.664983921688326e-05	0.00017729059772356696
4.719170786433304e-06	1.3010771872523651e-05	8.258670581438347e-07	4.648319759726778e-05
5.616952388636256e-07	8.728742853808589e-06	1.8227038793407213e-07	2.7489377590457444e-05
0.004927912839032158	0.004832623115244343	0.00438474783830305	0.005305701748364108
9.927623933621397e-07	9.703979308608756e-06	3.2836863857645537e-07	2.947979418149748e-05
0.0053836923011529505	0.005946982795780159	0.0053805438337822045	0.006475821185144686
0.014033690291839894	0.014756934534171342	0.013734140516447443	0.015786221972992304
0.00010201500326536834	0.00014543569813689353	7.679455997186433e-05	0.00021530832225150076
0.022019107183586812	0.02155430416232817	0.02011910158128279	0.022997645909755234
3.2786166871036263e-05	8.038022007037303e-05	3.2121960839848935e-05	0.00013652672263178643
2.0949330405648084e-06	1.1272016759797043e-05	3.4714362556175775e-07	3.858212747948257e-05
0.0006575379279149426	0.0005538261796867532	0.00041330349315200096	0.000705254234770952
2.7861511124150474e-05	2.031638232771429e-05	2.2605287415168326e-06	4.715363900624696e-05
0.0004494033263328763	0.0005199883496870032	0.0003635418155361347	0.0006402199398846847
4.528536992247805e-05	2.8172755847492503e-05	7.268032115311703e-06	5.3815858938075985e-05
0.0003416750120741546	0.0004096058563876394	0.00027785506594439505	0.0005330311299540944
0.03566961988455574	0.03572347553329338	0.033456674220326235	0.03809093331581828
0.00020340773241203172	0.000231130232158949	0.00013954654069479457	0.00032934519509361383
0.019211204393900005	0.019472021635844397	0.018167167972241497	0.020763757508611327
9.389283195337331e-07	1.0606139207523772e-05	3.0323053759455925e-07	3.0374527614480535e-05
1.5887789732746466e-07	1.0860271118063553e-05	8.552672841850148e-07	2.952947568966273e-05
0.0004413320144936701	0.0004300783793530121	0.0003009883852304691	0.0005671278098077216
0.00017540703908813468	0.00022269102081511058	0.00013432380127290596	0.0003118694549666301
0.0038908544724233127	0.0038892266378637635	0.003474379768896136	0.0043020534748956386
0.006610710268314286	0.006654535124005747	0.006100148643009503	0.0072152227858644545
0.036592748469041064	0.03456033518821282	0.03249345450204443	0.03695730751550422
0.00042515844124744345	0.000492014551403659	0.0003656251716102843	0.0006371983819449941
6.70719549541201e-06	2.2554183932298047e-05	1.951200808854791e-06	5.708904660105982e-05
0.007082469911485044	0.00713122310110504	0.006527390060453636	0.0076826179408071025
2.0448228669818447e-05	1.6170901822158026e-05	1.2486700563846527e-06	4.660409065456902e-05
0.0004208835422065613	0.0004414302732435679	0.0003254286214997295	0.0005672431274773013
0.0004844562298988459	0.0005290067782518436	0.0003935238086477023	0.0006866957731077122
4.781390590724582e-05	2.5799614477493036e-05	3.366282226564248e-06	5.4803597857405005e-05
2.051856686797576e-06	1.0310043169170529e-05	8.478539477045557e-08	2.827143601968623e-05
4.936019323939185e-05	5.0795955597738096e-05	1.2710340540348125e-05	9.854186201244457e-05
0.02523702568931216	0.025742125055754225	0.024148141012963382	0.02729667041727651
0.0009438180357319064	0.0007686521165529363	0.0006033370915740229	0.0009580997454157908
4.4835972844299383e-07	2.214555310557972e-05	1.6815220247276887e-06	4.957895157294048e-05
0.00026208324622752565	0.0002524588653892258	0.00016779745448153682	0.00034984116226842286
7.449317696757287e-07	9.146112098387601e-06	2.4126931519772416e-07	2.2841517708251916e-05
0.0669355038387154	0.07110190306883281	0.06712301373125631	0.07579861409960818
0.06472962635414832	0.06341241770832792	0.05955397662281576	0.06722442999592466
0.0012765079611080279	0.0012789255979840405	0.0010655183262227635	0.0015197434565625988
1.9889168930512437e-05	3.4914317062530105e-05	4.630429343165743e-06	6.982608551189823e-05
2.84626546899007e-05	2.4155156413532545e-05	3.9172086647222096e-06	4.669201808815287e-05
0.025345967682881398	0.023990596760204597	0.022566228801890683	0.02562477622261555
3.730590407335969e-06	1.7270987905881167e-05	1.3965692669767618e-06	4.6826397828027894e-05
0.0008571923466915067	0.001073263395037252	0.0008726402654561842	0.0012756230239582035
8.00425678037886e-05	9.760445290585888e-05	4.6675589253617766e-05	0.00014889786828491263
2.450310055437563e-07	8.22858297727427e-06	7.681660425207991e-07	2.3875409410257108e-05
6.562897883498305e-07	1.4066669877606467e-05	1.3667118090208607e-06	3.58791049276236e-05
0.01723554054202954	0.017674808161235258	0.016537163878112444	0.018760682692720503
0.016520123371297983	0.01658591800165883	0.015420263572337913	0.017774191005080566
0.022280288812687992	0.022611624296039738	0.02116265144890943	0.024009667920176083
8.396769551212748e-06	1.3348558220659962e-05	1.6045675776106433e-06	3.232827503447968e-05
7.473292105573948e-06	3.234153843688448e-05	4.375052764675225e-06	6.885096694507431e-05
0.0008058574491285202	0.0009023101448032186	0.0007237322021260144	0.0010840432779849736
0.0003508097136608365	0.0003525370267763834	0.00023511036734028386	0.0004702847544770861
0.0546768915698728	0.053433665393145716	0.05022016380938712	0.0565574872073072
0.00045758430013522855	0.00046856194980742465	0.00032550304915094996	0.0006085493466738814
1.1586712718894946e-06	9.31523113555159e-06	8.452960997876349e-07	2.5293188442994678e-05
0.007523936296185506	0.007356980138373416	0.0067156206522435286	0.007986207135173548
0.00613184851912477	0.006044078905733644	0.0054763651044047335	0.0066131478340005585
5.139064620957165e-07	7.745596774663846e-06	5.338112051870269e-07	1.9083345365048375e-05
0.015621616364857807	0.015342401816662654	0.014311407156513906	0.016392030889209517
1.927418594479223e-07	1.2061519020213786e-05	5.046709606759321e-07	3.364025043636809e-05
0.011463361365094751	0.011495855700228323	0.010650914174049158	0.01230045783295484
0.01801300507214443	0.017750527527880852	0.016619603689538586	0.0188824492464866
0.009613949198396024	0.009664571570659053	0.008983222199255021	0.010496843982500757
0.000741826716630056	0.0007578248717015105	0.0005895385412701185	0.0009287131005636806
1.1076624844781885e-05	2.6692282051558898e-05	5.367475047608214e-06	4.98770637602425e-05
0.00018397465141436914	0.00032100433827227375	0.0002263534782116219	0.0004268856375106587
3.410146950284289e-06	2.1448768944448305e-05	2.457829936691379e-06	4.9579070860292576e-05
0.01269288992451166	0.012161649310828727	0.01135307286661954	0.013119167225802003
1.5416834728042747e-06	7.318738328317975e-06	2.1836739554615325e-07	2.4360595553399826e-05
1.9069605610291922e-05	2.4522049795740515e-05	4.780346796640051e-06	5.555399986864115e-05
0.0029612954389156756	0.003161971724472971	0.0027835535163358745	0.003515631333755683
8.265173589995663e-06	1.962993560478501e-05	5.116358521355865e-06	4.3739741580642416e-05
0.00046066330671278645	0.0005026048016697302	0.00036830266765099627	0.000643199515906224
2.6775788366228817e-06	9.46257825772655e-06	2.8165730453797275e-08	4.0143377415757506e-05
0.01281515056371299	0.013328789069385106	0.012296032282209832	0.014259953681605798
0.0006952002336304591	0.0008195361726479609	0.0006613131349199583	0.0009905006763801269
7.194921308915645e-05	0.0001091185978159808	5.853301263131318e-05	0.00017051524700727188
3.2484524951356405e-06	1.426698235126656e-05	8.340512258683646e-07	4.0713513762208186e-05
0.007757058158657828	0.007306229509093135	0.006779654919623926	0.007901264359785604
5.589305502885739e-07	9.749986802836879e-06	2.4766740493142533e-07	2.9559487797641133e-05
2.2252782958908536e-06	8.309339508560223e-06	3.2486292298577014e-07	3.370322935629981e-05
3.271297413205579e-06	3.079089282115232e-05	5.4740532400906076e-06	6.302059285950089e-05
0.0003592650635348056	0.00033948267337353586	0.0002363031655322252	0.0004477967995048334
0.0005405488507873125	0.0005485499216799925	0.00040289902377137237	0.0006876949416369891
0.05347190324352511	0.05456488405239892	0.05124007237561433	0.0576382426289761
1.5333652571560075e-06	1.229226164248032e-05	5.601691798404927e-08	3.582884029234936e-05
0.005000746229290213	0.005018452678578989	0.004579067433047575	0.0055114045433378575
1.1669320997132645e-06	1.3616646517510487e-05	7.351076404327103e-07	3.60084221808558e-05
1.6827236797359797e-05	1.9123488658068782e-05	2.144056920888819e-06	4.068286153030914e-05
0.03739190725809707	0.03762058346975477	0.03520986455445202	0.03991442532971801
8.425838205373585e-07	1.0901618387181273e-05	1.2830025009658492e-06	2.643655245600141e-05
5.363476214156036e-06	1.1630753617357685e-05	9.762855831803985e-07	3.085314010584852e-05
0.005630247896108336	0.005339132025329667	0.004843828803845736	0.005842134813429679
0.04289336586233713	0.04502745423363994	0.04238817825862209	0.047719113918905716
5.164477983822713e-07	1.4192586830409787e-05	2.9294176751114905e-07	3.86934862926146e-05
0.0003013588459587236	0.00022173160290411107	0.00012190716957272711	0.0003074343714403906
2.994562958767312e-05	3.9421103994389124e-05	8.121683705501615e-06	7.803950014909029e-05
0.0181427992681133	0.018967687413655475	0.017772175067957224	0.020351668000658737
4.6772841469232115e-07	7.843401951482065e-06	4.7198685964200107e-07	2.2644419488937766e-05
1.6322883025786763e-06	7.101052969556295e-06	3.4376886852945005e-07	2.689947096379255e-05
3.004625562686718e-07	1.6372746796217153e-05	1.7868640955784863e-06	3.816224209820022e-05
7.755659389928324e-06	8.927668325694097e-06	4.879915260865804e-07	2.2484080007104274e-05
1.8355505312459105e-06	1.2368028082191468e-05	1.275124406210451e-06	3.309390693467893e-05
1.7411857528877444e-07	1.0235673230918343e-05	5.897467404525031e-07	2.4801274571173945e-05
8.142658598712975e-07	6.374731565971369e-06	2.2976603446020556e-07	2.0748958104991922e-05
6.732703238216743e-07	8.58740348441429e-06	7.616162752497428e-08	2.2160725118432063e-05
0.0020283938101752124	0.002017123083576318	0.0017171054560629485	0.0022907143804091978
3.474437976860468e-06	4.935556907713202e-06	7.358082989980205e-08	1.6823380375922157e-05
0.018679134408206836	0.018720308182411	0.01732848390384869	0.01986079510425326
1.1042007085683862e-05	5.799794095833642e-06	3.054311246187424e-07	1.9809722603865192e-05
0.013070172184526522	0.012591066566840352	0.011701447011027504	0.013541101860951792
3.3485312405484556e-06	5.4918807602788835e-06	3.8910733034806815e-07	3.0001495013429948e-05
2.1105154183646697e-05	1.7749148493513806e-05	2.3333658858881054e-06	4.6686754416798665e-05
0.0001767491830749036	0.0002529638000456906	0.00014206781896285292	0.00034904031701287375
0.00012533983243705318	7.127770967767888e-05	2.4914775014592954e-05	0.00012435405033353746
3.338247525026826e-05	2.4281136899438454e-05	5.0268534009214825e-06	5.017584679372247e-05
2.4157084115142822e-05	2.837996435051188e-05	3.711887108566396e-06	6.095630326577821e-05
1.2871180845610942e-05	3.427374807310798e-05	3.413354461590596e-06	6.974314774379026e-05
2.8731159913776722e-05	4.2141768418973656e-05	1.1803385322816425e-05	8.97576976908582e-05
5.854538341741333e-05	5.953961073304048e-05	2.296869393362571e-05	9.9799067020112e-05
2.2384356062013852e-05	1.9217587081363367e-05	8.64788486044344e-07	4.808436230676345e-05
0.0007938004911895327	0.0009215574408247953	0.0007420066723041393	0.0011174866806561074
0.014344381237241194	0.013544404604565087	0.012650005013710906	0.014516089894186667
0.00026212858559891185	0.00030329414535943614	0.00019738852923107186	0.00041016635108000107
4.015412207221848e-05	5.386329221898308e-05	1.1535451778144828e-05	0.00010128664405457387
4.445670718246131e-06	2.887050070106795e-06	1.5684114311898575e-08	1.2661697008828404e-05
0.011664255735478366	0.011403885518383661	0.01039017265920179	0.012177244356217243
1.4741069946957801e-06	1.058161694769048e-05	7.314185103281511e-07	2.4981237655069723e-05
0.000288089597404988	0.000442398586410281	0.00031915204810750215	0.0005680005747429474
0.0019500404450173976	0.0019317262973130394	0.0016334486519464894	0.0022127714889693915
0.0020280750418212212	0.002007617287372259	0.0017260246294025247	0.002326591062426283
2.9395089669859763e-05	2.4646525525973027e-05	2.415634914334508e-06	6.0834798105344095e-05
7.18969436709724e-07	1.6600385145970807e-05	1.7926618776170575e-06	4.996391791493296e-05
0.0031194111835296788	0.0031336247473486146	0.002785320858526838	0.0035123312626945073
0.00015803139359937834	0.00011562809920524988	5.459227827401312e-05	0.00018304278360998502
0.0018194741498092474	0.0019217455988959002	0.001632294344303816	0.0021676646288885937
0.0003623472709059924	0.00046219000938017797	0.00033157394477846926	0.000587918031547316
3.754738468912704e-05	3.0445084917155055e-05	3.4544893477714528e-06	6.697119207171829e-05
0.028258893959762086	0.027535532095362244	0.025960052416169176	0.02936587307564634
0.061929350147731765	0.06317654343949208	0.059425750588483206	0.06707511402444762
0.0001899387710575366	0.00018800793634758044	0.00011717140657827609	0.00027823204041402174
0.0020236664225236544	0.0022105497110974878	0.0018745578505306125	0.0024831894877450265
2.238803686845598e-07	1.51018431352588e-05	2.0243555921132156e-06	3.719770518925647e-05
0.011413087524680773	0.011592344520252115	0.010757817721955486	0.01242100192572697
0.0657880917543665	0.06707467287667891	0.06253893862606898	0.07081538981939936
1.0592481398702939e-05	2.9402011611765756e-05	5.2821087055903645e-06	5.919342981038228e-05
0.009600772510096436	0.009494295109345742	0.008742709524485923	0.01019777987314946
0.00043371456766256266	0.0003165816294904365	0.0002073927717258411	0.0004154410855111145
4.7574548899413656e-05	6.532570604725117e-05	2.431792619165274e-05	0.00011356904524915258
0.00014533515776134627	0.00012959667782663819	6.831571705976364e-05	0.00018788847438583548
0.0038501849526207527	0.0035399954176783027	0.0031185251690071685	0.003907340454301894
4.058322547431462e-06	1.2254732478672986e-05	1.8949104549531718e-06	3.619953498923199e-05
6.31056012873575e-05	5.698340980844822e-05	1.4636718754399197e-05	9.465356317868014e-05
0.009225457301786909	0.008660818449061414	0.008043344421061874	0.009362007592468143
0.001028036861866587	0.001125796238324528	0.000941506949430455	0.0013550328280616697
1.8395720390383305e-05	2.473881951157847e-05	6.897475359274867e-07	5.00532323417074e-05
9.325952256177509e-07	1.684073551059705e-05	2.175753517718372e-06	4.400740533103296e-05
2.894618875987651e-05	5.433976595156605e-05	1.6174589328035155e-05	9.79674161357039e-05
0.027467774127825376	0.027166727604317174	0.02548422244433831	0.028886205680385916
0.000965217856643652	0.0011055436133839988	0.0009135285173732263	0.0013061842231056311
3.5817513751678514e-05	6.324680927041751e-05	9.894842311454469e-06	0.00011012239612981995
0.00024885522439215625	0.0002836077989359324	0.00018458441607743345	0.0003863357242030492
2.675122068124387e-07	1.620704686911083e-05	1.3796413360066174e-06	4.336377205621368e-05
0.06327989961718589	0.06472787052353479	0.060819475507912966	0.06841803874040582
0.0004781051035701651	0.0004037053401268072	0.00029183789029194474	0.0005320225496248028
0.0038325213922903154	0.0037543473509950745	0.003363429799615135	0.0041464552551984625
0.027482579922999763	0.028266850281909617	0.02657687603479124	0.030179998667574717
1.3087987829969523e-05	2.2458730337632755e-05	3.0962017415099993e-06	4.911310684200951e-05
0.005791833049279953	0.0057757167561246405	0.005198991459293879	0.006263160177294406
0.012846129879752284	0.012411226126233644	0.01161174698362613	0.013415192507184032
0.0008794426108946948	0.0008568087603487198	0.0006732797161381009	0.0010483991451450013
0.00032306678206917396	0.0003155924204937764	0.00021272639614776937	0.0004388958279704927
0.016790416774151388	0.01673439625103357	0.015594999681072736	0.01804785050646848
5.2415794201017673e-05	7.468414131444554e-05	2.788993336799183e-05	0.00012843743606319563
3.7076623871000847e-06	9.755154118591946e-06	7.016435843420449e-07	2.947542593880637e-05
0.006011811742601351	0.006685896368081251	0.00603712914406852	0.007216123806011182
0.001317509618116833	0.0013611347013470123	0.0011379458265563449	0.0015894336538195778
3.161342204450151e-05	4.304009757653281e-05	6.463644353056631e-06	8.561071009728608e-05
1.677114060802112e-07	1.6867484345036232e-05	1.1581823425998047e-06	4.6362241160789046e-05
0.03688086391617592	0.03605612350470604	0.033988560836656294	0.03855134147557457
0.0003999942157043135	0.0004146361672634416	0.0003002167325861225	0.0005416031558227121
1.6952943601918207e-07	4.1207106212652173e-07	6.186595915074268e-09	1.2540215773175743e-06
0.00010014444646297543	0.00016904115465808659	9.69860630960638e-05	0.000259895921674843
0.0003670924490496459	0.00044976827381699866	0.0003333950286334904	0.0005865558093549476
7.642679071702426e-06	1.0019166807171161e-05	4.1287891778607566e-07	4.758603267507946e-05
6.21834593969591e-05	6.0630280205617946e-05	2.257912474475858e-05	0.00010476454868154867
9.64550998704803e-05	0.00011323300541159388	5.785297473722751e-05	0.0001734265922316135
0.0003102230585428757	0.00025419993958778327	0.00016093451525567702	0.00035066730880803343
0.01234432262443554	0.012734816256552295	0.011789098624156067	0.013637259071858305
0.007598230208417083	0.007252763472568992	0.006722563235907154	0.007907818492931035
0.003787887879822947	0.0034469959312012403	0.003096928764694507	0.0038309927491822805
0.00019140859403724703	0.0002082648099441833	0.00012617458824230722	0.0002882788156238522
0.00044488190369104593	0.0004127134143415972	0.00029714928805734894	0.000534044685610456
0.002132411174231189	0.0020784422084809827	0.0017896512177053478	0.0023603564905261935
0.0002415481376141511	0.00017258169173640483	0.00010248395386250534	0.00025363751409465115
0.0036266738263525996	0.0034700272366813985	0.0030528683147004174	0.003820212078987177
0.05624263337076899	0.05661478917620197	0.053225075806285944	0.06035683365337222
0.0043486291799901405	0.0044282399103629895	0.003955716095521787	0.0048594317459112555
0.00045001282507761296	0.0005371964747903074	0.0003962151922202283	0.000688070562735244
1.2135613563862465e-06	1.732002869914178e-05	1.0746409704437595e-06	3.912173549075755e-05
7.51772163341722e-05	0.00013047256043144154	6.228381621631994e-05	0.00020077699887028448
6.170248816278505e-06	2.7851909997071052e-05	6.908392432798343e-06	6.366372534133375e-05
1.1451627402175261e-06	2.5394630211789138e-05	1.5656748522060161e-06	7.145949635937318e-05
0.0037224890236094666	0.004220200785004342	0.0038276454894587888	0.004705773347887499
3.3460711818515926e-07	8.496491693045965e-06	8.371108900545694e-07	2.345974522886278e-05
4.346131462779039e-07	8.94707867434125e-06	4.705914049571009e-07	3.195673589899365e-05
0.0008597065351921382	0.0008923733059640438	0.0006909020702427777	0.0010777912493258137
0.00013823805590247894	0.0001023814766421834	4.423870163529633e-05	0.000161441156973544
5.0956234319473274e-05	6.950364111321972e-05	2.0717554113994914e-05	0.00012206322421654611
8.334782045673268e-06	1.450536903221698e-05	2.0797411817002823e-06	4.43711907907837e-05
1.9486881174649935e-07	1.3394235262888151e-05	4.961838860558442e-07	3.496267365552929e-05
7.013720619242439e-06	2.48350871690618e-05	4.321632551812535e-06	5.229802342918791e-05
5.023222971697045e-06	1.1832196221168597e-05	7.743369844003041e-07	2.6420502208613462e-05
2.50761102009311e-07	8.836607707673115e-06	9.142870039149395e-07	2.6074003977676727e-05
0.005271315359470112	0.0052630247228985004	0.004750280177244224	0.005816841996037558
1.1825637811292015e-05	2.210397539363524e-05	5.8311930574400665e-06	4.4971364939002886e-05
0.016474231481548023	0.016431446878895764	0.01526460139874969	0.01754712742738927
0.005721197511201823	0.00557647089276273	0.005079541947520924	0.0060976942314001446
0.04203637520976053	0.0421410426922847	0.039611695278182625	0.044568110069384666
0.03869397287188366	0.038004445276094166	0.035807731974625265	0.040284170556675304
0.00033319167742958946	0.00029325086341458787	0.00019368701827023974	0.0004066780936617182
8.855617435907783e-06	1.4206717119457335e-05	1.6522000224660583e-07	3.9490518030569616e-05
0.023242591880429726	0.022668560628331506	0.021210155547304366	0.02431369898809132
3.004040317409954e-07	1.1459911687160251e-05	1.0229361911625965e-06	3.207313922067012e-05
2.911298862469073e-06	8.75051443378533e-06	1.242841508634302e-09	2.503178367529094e-05
1.720558353669822e-05	6.451155864045423e-06	2.033673566608364e-07	1.9055032912414828e-05
3.271951116740613e-05	5.086504977121302e-05	1.0696789042776889e-05	9.054853799455418e-05
0.032650158170806035	0.0315572587671135	0.029535957929123925	0.03354969401696513
0.0002859663345621203	0.00019578703834264934	0.00011757621282415767	0.00029056227742572195
1.755815719291859e-06	1.0342774905104799e-05	3.846645201149345e-07	3.3903951768744984e-05
0.00035699292067741217	0.0003764476435600538	0.0002617901262148055	0.0004922006689234655
0.02835811657951163	0.029931289394032952	0.02806817601299068	0.031710956039241275
8.872237129762675e-07	7.195365837023916e-06	1.192809450930036e-07	2.1651277724509077e-05
0.05321759810115949	0.0518642802447538	0.048553008171263574	0.055042215165379674
1.1461047299274003e-06	2.0648638363269136e-05	2.514440736617855e-06	4.550473494794315e-05
0.006545365486516068	0.0067274943715441606	0.006143510329392913	0.007311054439053444
0.001021561463949062	0.0009993730781381453	0.0008162476956482138	0.0011994098554373805
2.943074147277852e-05	2.945507268195569e-05	3.6044995700789095e-06	5.93625106717447e-05
2.608867314036099e-06	1.3189604926176332e-05	5.412250568713944e-07	3.7816224440476483e-05
0.003551009379742173	0.003504613906910904	0.0030629397655541945	0.003869966474815395
0.009286601287971994	0.008565121748495556	0.0078084098098967925	0.009180552342548706
0.0001501158115317088	0.00017028478411638883	0.0001016457320034898	0.00025435882338722867
3.161144490876351e-05	2.4308870057924282e-05	1.3402658628019138e-06	5.9504872304930076e-05
1.9747149638637655e-07	9.015271011235157e-06	1.2236723610964729e-07	3.1305765330335835e-05
1.0711240525836582e-06	1.1668691002093428e-05	7.158409512827807e-07	3.036732911921164e-05
0.005291567350716701	0.0050665956154331455	0.004589812238134453	0.005563981259156038
3.607317158167026e-05	1.149466932467962e-05	5.143578376440918e-07	2.9781807006354603e-05
1.268664881732437e-05	1.125474474743397e-05	1.7440491909579884e-06	3.255131814447397e-05
7.350825767410017e-06	3.4904074523392506e-05	6.9354690340140955e-06	7.00500545921498e-05
0.0017263809343929571	0.0017622827651953546	0.0015080781841156667	0.002045048250526228
0.06508901019786818	0.06584896209466597	0.06206957405013505	0.06989564815386919
0.00020021885349910692	0.0002499087514716405	0.00015857994499234325	0.0003435232634197795
0.016054282794333623	0.01659290538454698	0.015470446031904353	0.017666282622152262
1.3849427554307286e-06	4.293809088673761e-06	2.5815137890087087e-08	1.0967464185386186e-05
0.014788394833314202	0.01528157521864782	0.014304467270713588	0.016420621874771526
0.0014172588516117041	0.0013455258445611094	0.0010928489101211837	0.0015580380622574796
3.7180339980571005e-05	2.127003437263091e-05	3.866651311797095e-06	4.4128083178809294e-05
0.01137225136890089	0.011433072772586034	0.010696606844708882	0.012438044550572647
3.2845914308456073e-06	1.9810458769489166e-05	2.0449663695021124e-06	3.981555457185739e-05
0.00023348167191780865	0.0002345476969706243	0.00013839817786046618	0.0003325973973692036
2.1978281189728588e-07	7.2522270179020594e-06	4.167552555411509e-07	2.6924068062389324e-05
2.1546878652312187e-05	5.1562956757118754e-05	1.3736538735654285e-05	9.528986158546025e-05
1.7012283998560924e-05	6.594559694633985e-05	1.5328279043806873e-05	0.00011687398816422116
5.086119663850684e-07	1.4952531548423716e-05	1.8604000469436557e-06	3.819399518653231e-05
2.8009298086853056e-07	8.668803279229323e-06	7.466790871135563e-07	2.5887423585853277e-05
1.3230166733584103e-05	1.0432289182189772e-05	9.113290051802289e-07	2.594043493588552e-05
1.5652700372214846e-05	1.554836917682483e-05	1.3364296686808183e-06	3.624312525228204e-05
0.06344766398351136	0.06653532960522288	0.06269941577871116	0.07085339429137785
0.032474141463193995	0.03367097199384917	0.03159426773740557	0.036017225778553305
8.534268425728408e-07	3.915447236094974e-06	1.4473682719656502e-07	1.021649713872334e-05
0.00012957371207257724	0.0002637881215526642	0.00017061260149196062	0.000372289473368262
7.601963088056627e-05	6.434915295169804e-05	1.4857922046868777e-05	0.0001118737736636862
