species	yearly_extinction_rate_mean	yearly_extinction_rate_lower	yearly_extinction_rate_upper	extinct_by_2100AD_mean	extinct_by_2100AD_lower	extinct_by_2100AD_upper	extinct_by_2100AD_sim_frequency
Acinonyx jubatus	0.000639364	0.000395149	0.000850410	0.050435659	0.031506365	0.066591630	0.050000000
Ailuropoda melanoleuca	0.001178370	0.000886762	0.001381168	0.091022699	0.069338443	0.105912755	0.090000000
Ailurus fulgens	0.004413785	0.004085455	0.004734272	0.301070191	0.282225378	0.319131897	0.300000000
Aonyx capensis	0.001451425	0.001180698	0.001694585	0.110941194	0.091257051	0.128359149	0.110000000
Aonyx cinereus	0.002445928	0.002128322	0.002660225	0.179880494	0.158507195	0.194075632	0.180000000
Aonyx congicus	0.000886746	0.000634031	0.001189303	0.069274766	0.050075553	0.091891015	0.070000000
Arctictis binturong	0.001164326	0.000898740	0.001406176	0.089999043	0.076204401	0.113479553	0.090000000
Arctocephalus australis	0.000155974	0.000017583	0.000304390	0.012532954	0.001423192	0.024357771	0.010000000
Arctocephalus australis	0.000094776	0.000001466	0.000257572	0.007626873	0.000118770	0.020649863	0.000000000
Arctocephalus forsteri	0.000182445	0.000002096	0.000331212	0.014641394	0.000169794	0.026475790	0.010000000
Arctocephalus galapagoensis	0.004729754	0.004451555	0.005014074	0.318824077	0.303286451	0.334463397	0.320000000
Arctocephalus gazella	0.000171916	0.000001797	0.000376868	0.013787952	0.000145549	0.030070669	0.010000000
Arctocephalus philippii	0.000107216	0.000003101	0.000253399	0.008629188	0.000251182	0.020318685	0.000000000
Arctocephalus pusillus	0.000156265	0.000001135	0.000341091	0.012540314	0.000091957	0.027254750	0.010000000
Arctocephalus townsendi	0.000265697	0.000036290	0.000458283	0.021247157	0.007397975	0.040860586	0.020000000
Arctocephalus tropicalis	0.000152636	0.000009529	0.000317338	0.012262034	0.000771587	0.025380777	0.010000000
Arctogalidia trivirgata	0.000391867	0.000158555	0.000627590	0.031194969	0.012761828	0.049579458	0.030000000
Arctonyx albogularis	0.000092706	0.000001554	0.000212722	0.007466404	0.000125836	0.017084679	0.000000000
Arctonyx collaris	0.002308986	0.002013230	0.002641132	0.170680402	0.150609278	0.192824955	0.170000000
Arctonyx hoevenii	0.000144324	0.000003519	0.000297758	0.011594918	0.000285030	0.023833351	0.010000000
Atelocynus microtis	0.000884556	0.000702373	0.001134417	0.069129724	0.055322986	0.087840073	0.070000000
Atilax paludinosus	0.000148297	0.000002542	0.000297684	0.011912306	0.000205906	0.023827537	0.010000000
Bassaricyon alleni	0.000385152	0.000167344	0.000622693	0.030665205	0.013464567	0.049202184	0.030000000
Bassaricyon gabbii	0.000254619	0.000068756	0.000465137	0.020371086	0.005553985	0.036983638	0.020000000
Bassaricyon medius	0.000096774	0.000004017	0.000251986	0.007791392	0.000325360	0.020206477	0.000000000
Bassaricyon neblina	0.000864173	0.000636954	0.001134985	0.067571992	0.050300563	0.087882103	0.070000000
Bassariscus astutus	0.000271847	0.000043793	0.000477863	0.021732862	0.003540998	0.037976252	0.020000000
Bassariscus sumichrasti	0.000097700	0.000000085	0.000222495	0.007867272	0.000006896	0.017862628	0.000000000
Bdeogale crassicauda	0.000152765	0.000002094	0.000315209	0.012268761	0.000169591	0.025212639	0.010000000
Bdeogale jacksoni	0.001451099	0.001201601	0.001703656	0.110905989	0.092796268	0.129000437	0.110000000
Bdeogale nigripes	0.000153851	0.000001817	0.000299794	0.012361132	0.000147151	0.023994430	0.010000000
Bdeogale omnivora	0.000887349	0.000682672	0.001102303	0.069334724	0.053813272	0.085461571	0.070000000
Callorhinus ursinus	0.001403221	0.001089284	0.001598567	0.107458730	0.088166709	0.125173913	0.110000000
Canis adustus	0.000099696	0.000004794	0.000282572	0.008021918	0.000388264	0.022631553	0.000000000
Canis aureus	0.000226474	0.000008227	0.000418451	0.018126364	0.000666152	0.033333407	0.020000000
Canis latrans	0.000165064	0.000000500	0.000344043	0.013250106	0.000040492	0.027487434	0.010000000
Canis lupus	0.000521119	0.000301831	0.000800198	0.041293415	0.024155460	0.062784447	0.040000000
Canis mesomelas	0.000165455	0.000004993	0.000330516	0.013283636	0.000404374	0.026420947	0.010000000
Canis rufus	0.015560437	0.014754246	0.016338211	0.719058703	0.700007556	0.736664211	0.720000000
Canis simensis	0.003883150	0.003580113	0.004176173	0.270257868	0.252117577	0.287502112	0.270000000
Caracal aurata	0.001042720	0.000795277	0.001280830	0.080976713	0.062410535	0.098606814	0.080000000
Caracal caracal	0.000150665	0.000006288	0.000301258	0.012103523	0.000509200	0.024110149	0.010000000
Catopuma badia	0.004777266	0.004459806	0.005052418	0.321445401	0.303754003	0.336537663	0.320000000
Catopuma temminckii	0.000764490	0.000507240	0.001008900	0.060019590	0.040263852	0.078508862	0.060000000
Cerdocyon thous	0.000260720	0.000043955	0.000448274	0.020858661	0.003554111	0.035666709	0.020000000
Chrotogale owstoni	0.004231365	0.003863877	0.004509182	0.290619888	0.269174255	0.306545531	0.290000000
Chrysocyon brachyurus	0.000639205	0.000432575	0.000893574	0.050421460	0.034439174	0.069852238	0.050000000
Civettictis civetta	0.000161917	0.000000765	0.000410403	0.012988987	0.000061975	0.032702815	0.010000000
Conepatus chinga	0.000096583	0.000002388	0.000220502	0.007775436	0.000193416	0.017704040	0.000000000
Conepatus humboldtii	0.000358315	0.000128610	0.000585428	0.028562650	0.010363969	0.046326182	0.030000000
Conepatus leuconotus	0.000378384	0.000152137	0.000577597	0.030144351	0.012248393	0.045720677	0.030000000
Conepatus semistriatus	0.000162811	0.000000585	0.000309897	0.013074174	0.000047409	0.024793019	0.010000000
Crocuta crocuta	0.000257437	0.000074183	0.000477115	0.020595556	0.005991041	0.037917960	0.020000000
Crossarchus alexandri	0.000167360	0.000002026	0.000363113	0.013429904	0.000164105	0.028988980	0.010000000
Crossarchus ansorgei	0.000142068	0.000003775	0.000311353	0.011414523	0.000305759	0.024908065	0.010000000
Crossarchus obscurus	0.000158614	0.000002033	0.000296342	0.012735025	0.000164683	0.023721408	0.010000000
Crossarchus platycephalus	0.000269194	0.000048525	0.000478180	0.021525029	0.003922888	0.038000948	0.020000000
Cryptoprocta ferox	0.002158430	0.001905467	0.002450116	0.160501542	0.143148017	0.180206630	0.160000000
Cuon alpinus	0.004786935	0.004527006	0.005156274	0.321966263	0.307550533	0.342123910	0.320000000
Cynictis penicillata	0.000254531	0.000025931	0.000452293	0.020364518	0.002098258	0.035980789	0.020000000
Cynogale bennettii	0.006305625	0.006017745	0.006662128	0.400867027	0.386705415	0.418089097	0.400000000
Cystophora cristata	0.000887927	0.000639484	0.001093300	0.069375658	0.050495260	0.084793704	0.070000000
Diplogale hosei	0.001861362	0.001581667	0.002143163	0.140020145	0.120337057	0.159520302	0.140000000
Dologale dybowskii	0.002441696	0.002191864	0.002721717	0.179588629	0.162836431	0.198090573	0.180000000
Eira barbara	0.000115385	0.000002221	0.000255769	0.009281277	0.000179896	0.020506756	0.000000000
Enhydra lutris	0.002007931	0.001785102	0.002322685	0.150183785	0.134737621	0.171680458	0.150000000
Erignathus barbatus	0.000170189	0.000004290	0.000335589	0.013655590	0.000347445	0.026821051	0.010000000
Eumetopias jubatus	0.000376829	0.000136082	0.000586556	0.030021820	0.010962824	0.046413362	0.030000000
Eupleres goudotii	0.001849775	0.001648321	0.002110906	0.139226512	0.125081193	0.157316755	0.140000000
Eupleres major	0.004214983	0.003893404	0.004572448	0.289663362	0.270926901	0.310106211	0.290000000
Felis bieti	0.001718814	0.001516578	0.001942097	0.130026788	0.115679762	0.145691384	0.130000000
Felis chaus	0.000390147	0.000143070	0.000635468	0.031058572	0.011522607	0.050186127	0.030000000
Felis margarita	0.000369568	0.000169045	0.000586347	0.029451658	0.013600488	0.046397203	0.030000000
Felis nigripes	0.002593070	0.002301150	0.002854640	0.189609939	0.170231031	0.206702153	0.190000000
Felis silvestris	0.000099111	0.000000635	0.000249664	0.007978815	0.000051459	0.020022188	0.000000000
Fossa fossana	0.001556068	0.001276301	0.001785088	0.118452541	0.098275630	0.134736636	0.120000000
Galictis cuja	0.000093024	0.000000681	0.000236426	0.007488278	0.000055190	0.018970497	0.000000000
Galictis vittata	0.000490684	0.000273342	0.000733091	0.038926787	0.021900320	0.057672226	0.040000000
Galidia elegans	0.000153971	0.000002322	0.000336172	0.012366628	0.000188037	0.026867002	0.010000000
Galidictis fasciata	0.002011940	0.001784724	0.002296200	0.150465138	0.134711045	0.169897511	0.150000000
Galidictis grandidieri	0.004562272	0.004148101	0.004807239	0.309465550	0.294701952	0.331618919	0.310000000
Genetta abyssinica	0.001306620	0.001049123	0.001546549	0.100441863	0.081509398	0.117827308	0.100000000
Genetta angolensis	0.000179884	0.000018123	0.000344589	0.014437410	0.001466859	0.027530482	0.010000000
Genetta bourloni	0.001586649	0.001213923	0.001830147	0.120621496	0.093702349	0.137894617	0.120000000
Genetta cristata	0.001854982	0.001623829	0.002110410	0.139581239	0.123340865	0.157282807	0.140000000
Genetta genetta	0.000164352	0.000017459	0.000309253	0.013198359	0.001413219	0.024742138	0.010000000
Genetta johnstoni	0.001032211	0.000746549	0.001207511	0.080199297	0.058699678	0.093230949	0.080000000
Genetta maculata	0.000163506	0.000000604	0.000341682	0.013124315	0.000048907	0.027301403	0.010000000
Genetta pardina	0.000164874	0.000004238	0.000385306	0.013227529	0.000343183	0.030733581	0.010000000
Genetta piscivora	0.000766279	0.000537374	0.001033693	0.060144720	0.042604757	0.080359487	0.060000000
Genetta poensis	0.002774370	0.002499491	0.003050169	0.201452622	0.183486837	0.219203902	0.200000000
Genetta servalina	0.000164989	0.000007477	0.000373407	0.013236906	0.000605483	0.029798609	0.010000000
Genetta thierryi	0.000095002	0.000000023	0.000228394	0.007649153	0.000001826	0.018331892	0.000000000
Genetta tigrina	0.000084043	0.000000703	0.000189512	0.006772207	0.000056955	0.015234679	0.000000000
Genetta victoriae	0.000148293	0.000000029	0.000338852	0.011908584	0.000002336	0.027078275	0.010000000
Gulo gulo	0.000166019	0.000001795	0.000396869	0.013314372	0.000145425	0.031641349	0.010000000
Halichoerus grypus	0.000093761	0.000001128	0.000230862	0.007548713	0.000091374	0.018528222	0.000000000
Halichoerus grypus	0.000170203	0.000000134	0.000314744	0.013665863	0.000010864	0.025175976	0.010000000
Helarctos malayanus	0.001019020	0.000770968	0.001262652	0.079210886	0.060561079	0.097276948	0.080000000
Helogale hirtula	0.000165485	0.000001562	0.000309548	0.013286723	0.000126484	0.024765475	0.010000000
Helogale parvula	0.000263621	0.000020896	0.000438888	0.021083566	0.001691140	0.034933020	0.020000000
Hemigalus derbyanus	0.000773345	0.000570430	0.000981710	0.060699852	0.045166216	0.076475143	0.060000000
Herpailurus yagouaroundi	0.000156127	0.000014706	0.000313388	0.012540539	0.001190460	0.025068794	0.010000000
Herpestes auropunctatus	0.000266543	0.000002637	0.000447965	0.021313019	0.000213602	0.035642625	0.020000000
Herpestes brachyurus	0.001562012	0.001245845	0.001786898	0.118875908	0.096045606	0.134863668	0.120000000
Herpestes edwardsii	0.000167110	0.000001646	0.000325524	0.013411885	0.000133305	0.026027034	0.010000000
Herpestes flavescens	0.000155064	0.000002491	0.000347370	0.012451105	0.000201754	0.027749557	0.010000000
Herpestes fuscus	0.000247441	0.000045650	0.000478138	0.019799660	0.003690923	0.037997668	0.020000000
Herpestes ichneumon	0.000156017	0.000004148	0.000295106	0.012531825	0.000335892	0.023623613	0.010000000
Herpestes javanicus	0.000169884	0.000025598	0.000392402	0.013636578	0.002071292	0.031290799	0.010000000
Herpestes naso	0.000166465	0.000000770	0.000331031	0.013367024	0.000062345	0.026461543	0.010000000
Herpestes ochraceus	0.000152243	0.000000403	0.000394249	0.012220921	0.000032680	0.031435791	0.010000000
Herpestes pulverulentus	0.000268294	0.000048134	0.000490789	0.021444318	0.003891384	0.038983490	0.020000000
Herpestes sanguineus	0.000262878	0.000038017	0.000481575	0.021020202	0.003074686	0.038265584	0.020000000
Herpestes semitorquatus	0.000636734	0.000472280	0.000872313	0.050241750	0.037540941	0.068247659	0.050000000
Herpestes smithii	0.000155545	0.000013472	0.000310242	0.012490583	0.001090630	0.024820274	0.010000000
Herpestes urva	0.000368809	0.000185838	0.000579829	0.029402502	0.014941531	0.045893292	0.030000000
Herpestes vitticollis	0.000358207	0.000081842	0.000593361	0.028542497	0.006607553	0.046939131	0.030000000
Histriophoca fasciata	0.000278706	0.000046771	0.000463555	0.022282289	0.003781361	0.036860151	0.020000000
Hyaena hyaena	0.000647694	0.000438498	0.000846088	0.051089762	0.034902459	0.066264590	0.050000000
Hydrictis maculicollis	0.000768501	0.000540679	0.001015440	0.060323006	0.042861188	0.078997436	0.060000000
Hydrurga leptonyx	0.000250698	0.000077312	0.000499667	0.020062689	0.006242938	0.039674667	0.020000000
Ichneumia albicauda	0.000153176	0.000002638	0.000339567	0.012291490	0.000213646	0.027134677	0.010000000
Ictonyx libycus	0.000164515	0.000009871	0.000337161	0.013206223	0.000799222	0.026944988	0.010000000
Ictonyx striatus	0.000254118	0.000040437	0.000427462	0.020341595	0.003270074	0.034038992	0.020000000
Leopardus colocolo	0.001152545	0.000915990	0.001433434	0.089117689	0.071541104	0.109695268	0.090000000
Leopardus geoffroyi	0.000380137	0.000203615	0.000599613	0.030284424	0.016359244	0.047421925	0.030000000
Leopardus guigna	0.001568541	0.001330055	0.001809939	0.119345488	0.102198398	0.136479709	0.120000000
Leopardus guttulus	0.001990694	0.001630899	0.002212531	0.148993755	0.123843590	0.164239832	0.150000000
Leopardus jacobita	0.006730123	0.006152434	0.007087824	0.421209642	0.393400473	0.437946381	0.420000000
Leopardus pardalis	0.000150581	0.000003879	0.000281336	0.012097367	0.000314139	0.022533666	0.010000000
Leopardus tigrinus	0.001144995	0.000915830	0.001366454	0.088574626	0.071529059	0.104845081	0.090000000
Leopardus wiedii	0.000379054	0.000140153	0.000607616	0.030189167	0.011288970	0.048039634	0.030000000
Leptailurus serval	0.000388907	0.000145334	0.000595064	0.030967641	0.011703884	0.047070683	0.030000000
Leptonychotes weddellii	0.000097912	0.000001525	0.000210621	0.007885554	0.000123506	0.016917349	0.000000000
Liberiictis kuhni	0.002741749	0.002462530	0.003027131	0.199321952	0.181032571	0.217741076	0.200000000
Lobodon carcinophaga	0.000279593	0.000027637	0.000467336	0.022345755	0.002236133	0.037155219	0.020000000
Lontra canadensis	0.000162071	0.000000189	0.000312981	0.013009419	0.000015315	0.025036683	0.010000000
Lontra felina	0.007356102	0.006919601	0.007727496	0.450029735	0.430180606	0.466533057	0.450000000
Lontra longicaudis	0.000506205	0.000279203	0.000767897	0.040126392	0.022364731	0.060327168	0.040000000
Lontra provocax	0.004933799	0.004570927	0.005273445	0.330016732	0.310020830	0.348370611	0.330000000
Lutra lutra	0.000750125	0.000568504	0.000966159	0.058937599	0.045017188	0.075310001	0.060000000
Lutra sumatrana	0.006081632	0.005731661	0.006551379	0.389800238	0.372241762	0.412810462	0.390000000
Lutrogale perspicillata	0.002109573	0.001788439	0.002364728	0.157158441	0.134971848	0.174503131	0.160000000
Lycalopex culpaeus	0.000087638	0.000000045	0.000239407	0.007056204	0.000003665	0.019207436	0.000000000
Lycalopex fulvipes	0.005865209	0.005402222	0.006209050	0.378931068	0.355168456	0.396193163	0.380000000
Lycalopex griseus	0.000259601	0.000048816	0.000475052	0.020763153	0.003946363	0.037757075	0.020000000
Lycalopex gymnocercus	0.000103088	0.000000943	0.000246420	0.008296117	0.000076417	0.019764549	0.000000000
Lycalopex sechurae	0.001147991	0.000884816	0.001351443	0.088794467	0.069191635	0.103754528	0.090000000
Lycalopex vetulus	0.000253431	0.000070966	0.000467831	0.020274904	0.005731945	0.037193823	0.020000000
Lycaon pictus	0.005306676	0.004960415	0.005642350	0.350062129	0.331549837	0.367657805	0.350000000
Lycaon pictus	0.004389877	0.004120304	0.004710003	0.299724447	0.284256972	0.317785781	0.300000000
Lycaon pictus	0.005482963	0.005155250	0.005823316	0.359326006	0.342069058	0.376911909	0.360000000
Lyncodon patagonicus	0.000244338	0.000016110	0.000453270	0.019554778	0.001304047	0.036057065	0.020000000
Lynx canadensis	0.000093882	0.000002658	0.000264287	0.007555954	0.000215247	0.021182482	0.000000000
Lynx lynx	0.000161686	0.000013878	0.000346840	0.012981975	0.001123524	0.027707818	0.010000000
Lynx pardinus	0.006721349	0.006311580	0.007153985	0.420806957	0.401218264	0.440971854	0.420000000
Lynx rufus	0.000090996	0.000000176	0.000218207	0.007329999	0.000014277	0.017521403	0.000000000
Macrogalidia musschenbroekii	0.002296294	0.002042113	0.002568071	0.169843819	0.152598140	0.188021380	0.170000000
Martes americana	0.000244802	0.000006573	0.000428040	0.019593458	0.000532256	0.034084246	0.020000000
Martes flavigula	0.000264338	0.000038383	0.000448570	0.021143963	0.003104284	0.035689839	0.020000000
Martes foina	0.000166574	0.000002184	0.000382154	0.013368880	0.000176858	0.030486054	0.010000000
Martes gwatkinsii	0.002151386	0.001923036	0.002427813	0.160030037	0.144368845	0.178720623	0.160000000
Martes martes	0.000152338	0.000003685	0.000351567	0.012226193	0.000298462	0.028080109	0.010000000
Martes melampus	0.000086344	0.000002146	0.000224316	0.006953819	0.000173848	0.018007548	0.000000000
Martes pennanti	0.000494716	0.000252188	0.000732102	0.039239191	0.020222517	0.057596747	0.040000000
Martes zibellina	0.000163233	0.000002590	0.000367313	0.013099284	0.000209795	0.029319452	0.010000000
Meles anakuma	0.000156170	0.000010726	0.000342983	0.012533217	0.000868396	0.027403911	0.010000000
Meles leucurus	0.000259802	0.000068308	0.000471239	0.020780719	0.005517858	0.037459712	0.020000000
Meles meles	0.000511788	0.000328110	0.000774376	0.040574175	0.026231123	0.060820559	0.040000000
Mellivora capensis	0.000167081	0.000010617	0.000348093	0.013415257	0.000859651	0.027806483	0.010000000
Melogale cucphuongensis	0.002602338	0.002275359	0.002820202	0.190219004	0.168491754	0.204479845	0.190000000
Melogale everetti	0.004411958	0.004078986	0.004727489	0.300970419	0.281847638	0.318755918	0.300000000
Melogale moschata	0.000093974	0.000004808	0.000238321	0.007565897	0.000389380	0.019121165	0.000000000
Melogale orientalis	0.000142998	0.000005720	0.000293934	0.011492294	0.000463245	0.023530908	0.010000000
Melogale personata	0.000366844	0.000178280	0.000604080	0.029234983	0.014338156	0.047766728	0.030000000
Melursus ursinus	0.001597648	0.001322483	0.001880241	0.121403718	0.101646875	0.141392094	0.120000000
Mephitis macroura	0.000236611	0.000037133	0.000473770	0.018940754	0.003630118	0.038264055	0.020000000
Mephitis mephitis	0.000371961	0.000155266	0.000610539	0.029636991	0.012498751	0.048265078	0.030000000
Mirounga angustirostris	0.000166604	0.000014527	0.000313434	0.013375781	0.001176042	0.025072462	0.010000000
Mirounga leonina	0.000258572	0.000027231	0.000478345	0.020686320	0.002203303	0.038013821	0.020000000
Monachus monachus	0.002618421	0.002349254	0.002857638	0.191284178	0.173465322	0.206895288	0.190000000
Monachus monachus	0.002613051	0.002367163	0.002949485	0.190910018	0.174666312	0.212790869	0.190000000
Mungos gambianus	0.000169647	0.000001805	0.000330649	0.013614656	0.000146183	0.026431395	0.010000000
Mungos mungo	0.000170253	0.000002071	0.000332949	0.013666307	0.000167720	0.026612814	0.010000000
Mungotictis decemlineata	0.004068868	0.003769729	0.004385029	0.281184677	0.263558161	0.299505234	0.280000000
Mustela africana	0.000158506	0.000007222	0.000353656	0.012723184	0.000584805	0.028244613	0.010000000
Mustela altaica	0.001166669	0.000970055	0.001397652	0.090176143	0.075602044	0.107107399	0.090000000
Mustela erminea	0.000161916	0.000002545	0.000334026	0.012996302	0.000206120	0.026697763	0.010000000
Mustela eversmanii	0.000156703	0.000002481	0.000307784	0.012585183	0.000200901	0.024626027	0.010000000
Mustela felipei	0.002317280	0.002066998	0.002522762	0.171274525	0.156174015	0.186891208	0.170000000
Mustela frenata	0.000392304	0.000152375	0.000579173	0.031235677	0.012267459	0.045842545	0.030000000
Mustela itatsi	0.000618373	0.000286291	0.000829177	0.048807018	0.022925991	0.064983564	0.050000000
Mustela kathiah	0.000498978	0.000243192	0.000695606	0.039567241	0.019508130	0.054804702	0.040000000
Mustela lutreola	0.020901949	0.019850669	0.022171108	0.819067791	0.802906608	0.837335758	0.820000000
Mustela lutreolina	0.000258963	0.000050663	0.000510638	0.020709449	0.004095372	0.040528126	0.020000000
Mustela nigripes	0.006689811	0.006262060	0.007050795	0.419307221	0.398796440	0.436246033	0.420000000
Mustela nivalis	0.000152708	0.000009743	0.000310170	0.012265790	0.000788869	0.024814624	0.010000000
Mustela nudipes	0.000154224	0.000001938	0.000362122	0.012378115	0.000156972	0.028911009	0.010000000
Mustela putorius	0.000143466	0.000003137	0.000293773	0.011531171	0.000254028	0.023518128	0.010000000
Mustela russelliana	0.001573465	0.001318074	0.001802866	0.119698415	0.101325525	0.135983962	0.120000000
Mustela sibirica	0.000103349	0.000006348	0.000240432	0.008317998	0.000514045	0.019288893	0.000000000
Mustela strigidorsa	0.000261382	0.000067437	0.000500256	0.020908127	0.005447681	0.039720450	0.020000000
Mustela subpalmata	0.000159658	0.000010776	0.000312590	0.012819674	0.000872449	0.025005825	0.010000000
Mustela tonkinensis	0.001292397	0.001081850	0.001532699	0.099403042	0.083943566	0.116835545	0.100000000
Mydaus javanensis	0.000148417	0.000001430	0.000298292	0.011924561	0.000115789	0.023875651	0.010000000
Mydaus marchei	0.000154777	0.000001808	0.000352292	0.012425426	0.000146474	0.028137276	0.010000000
Nandinia binotata	0.000236911	0.000009260	0.000415220	0.018964768	0.000749777	0.033080273	0.020000000
Nasua narica	0.000103477	0.000002420	0.000261961	0.008328273	0.000196017	0.020998059	0.000000000
Nasua nasua	0.000380952	0.000175201	0.000636965	0.030341671	0.014092291	0.050301410	0.030000000
Nasuella meridensis	0.004032366	0.003725516	0.004296392	0.279057810	0.260906085	0.294435799	0.280000000
Nasuella olivacea	0.000750786	0.000515798	0.001011421	0.058966504	0.042125485	0.079868083	0.060000000
Neofelis diardi	0.001159075	0.000863074	0.001360534	0.089604647	0.067549487	0.104415159	0.090000000
Neofelis nebulosa	0.000765993	0.000555290	0.001010440	0.060134985	0.043993873	0.078623971	0.060000000
Neomonachus schauinslandi	0.002424724	0.002130804	0.002714502	0.178446877	0.158676698	0.197620546	0.180000000
Neophoca cinerea	0.005133935	0.004828373	0.005504309	0.340857134	0.324326573	0.360507627	0.340000000
Neovison vison	0.000371157	0.000126698	0.000570074	0.029572768	0.010210676	0.045138648	0.030000000
Nyctereutes procyonoides	0.000160384	0.000014617	0.000355354	0.012876051	0.001183304	0.028378314	0.010000000
Odobenus rosmarus	0.001155130	0.000948123	0.001465929	0.089307846	0.073956822	0.112038947	0.090000000
Ommatophoca rossii	0.000103504	0.000000669	0.000237888	0.008330424	0.000054204	0.019086683	0.000000000
Otaria byronia	0.000149776	0.000000659	0.000346832	0.012031605	0.001664992	0.029312149	0.010000000
Otocolobus manul	0.001570724	0.001294517	0.001849037	0.119497085	0.099606841	0.139215121	0.120000000
Otocyon megalotis	0.000242329	0.000011619	0.000449571	0.019384844	0.000940710	0.035768105	0.020000000
Pagophilus groenlandicus	0.000264393	0.000070799	0.000486674	0.021148863	0.005718502	0.038662906	0.020000000
Paguma larvata	0.000087065	0.000000668	0.000200415	0.007014020	0.000054121	0.016104160	0.000000000
Panthera leo	0.001573757	0.001353156	0.001803525	0.119723279	0.103879020	0.136030174	0.120000000
Panthera leo	0.001304077	0.001033999	0.001586993	0.100239881	0.080382276	0.120717054	0.100000000
Panthera onca	0.001048757	0.000858404	0.001295525	0.081430930	0.067196346	0.099680513	0.080000000
Panthera pardus	0.001708427	0.001444082	0.001944084	0.129277136	0.110463910	0.145829170	0.130000000
Panthera tigris	0.003078775	0.002827588	0.003426501	0.220954613	0.204956944	0.242720753	0.220000000
Panthera uncia	0.000633670	0.000395227	0.000893631	0.049985178	0.031512543	0.069856593	0.050000000
Paracynictis selousi	0.000382481	0.000139086	0.000627242	0.030457432	0.011203536	0.049552664	0.030000000
Paradoxurus hermaphroditus	0.000099685	0.000000115	0.000235427	0.008023380	0.000009352	0.018891092	0.000000000
Paradoxurus jerdoni	0.000097876	0.000000407	0.000225486	0.007881167	0.000032965	0.018100644	0.000000000
Paradoxurus zeylonensis	0.000386956	0.000160917	0.000660467	0.030802736	0.012950710	0.052108767	0.030000000
Parahyaena brunnea	0.000625533	0.000405894	0.000892487	0.049367667	0.032349280	0.069770271	0.050000000
Pardofelis marmorata	0.001023839	0.000702551	0.001228717	0.079568214	0.055336630	0.094789082	0.080000000
Phoca largha	0.000134204	0.000010907	0.000282792	0.010791841	0.000883105	0.022648963	0.010000000
Phoca vitulina	0.000254563	0.000028742	0.000445635	0.020368851	0.002325443	0.035460458	0.020000000
Phocarctos hookeri	0.003748131	0.003495062	0.004000274	0.262212933	0.246929075	0.277235653	0.260000000
Poecilogale albinucha	0.000095603	0.000000978	0.000212838	0.007698181	0.000079201	0.017093942	0.000000000
Poiana leightoni	0.001883221	0.001618817	0.002187966	0.141525221	0.122984338	0.162571515	0.140000000
Poiana richardsonii	0.000165319	0.000000897	0.000326190	0.013274866	0.000072634	0.026079589	0.010000000
Potos flavus	0.000159234	0.000001808	0.000328031	0.012784880	0.000146411	0.026224887	0.010000000
Prionailurus bengalensis	0.000507785	0.000219415	0.000738638	0.040250154	0.017617528	0.058095879	0.040000000
Prionailurus planiceps	0.006097829	0.005677057	0.006434123	0.390618926	0.369443079	0.407170116	0.390000000
Prionailurus rubiginosus	0.000887366	0.000621580	0.001065133	0.069338131	0.049116384	0.082700977	0.070000000
Prionailurus viverrinus	0.002604329	0.002309917	0.002850070	0.190350700	0.170821413	0.206407607	0.190000000
Prionodon linsang	0.000152608	0.000000384	0.000314886	0.012254968	0.000031130	0.025187133	0.010000000
Prionodon pardicolor	0.000171888	0.000010672	0.000328482	0.013797279	0.000864072	0.026260470	0.010000000
Procyon cancrivorus	0.000358262	0.000107738	0.000571886	0.028558904	0.008689275	0.045278876	0.030000000
Procyon lotor	0.000107658	0.000003761	0.000287080	0.008660447	0.000304557	0.022988447	0.000000000
Procyon pygmaeus	0.023262334	0.021541801	0.025134149	0.850915204	0.828634090	0.872786419	0.850000000
Proteles cristata	0.000105142	0.000000947	0.000214444	0.008467038	0.000076689	0.017221800	0.000000000
Pteronura brasiliensis	0.005471617	0.005160618	0.005791395	0.358723231	0.342356564	0.375289324	0.360000000
Puma concolor	0.000155844	0.000005883	0.000320173	0.012516849	0.000476434	0.025604630	0.010000000
Pusa caspica	0.001700533	0.001460361	0.001964426	0.128721820	0.111637746	0.147238177	0.130000000
Pusa hispida	0.000145862	0.000007787	0.000320836	0.011717735	0.000630532	0.025656966	0.010000000
Pusa sibirica	0.000097959	0.000000527	0.000235798	0.007886548	0.000042672	0.018920628	0.000000000
Rhynchogale melleri	0.000377144	0.000125603	0.000582429	0.030041970	0.010122893	0.046094355	0.030000000
Salanoia concolor	0.003245356	0.003019200	0.003559701	0.231434662	0.217236836	0.250875584	0.230000000
Speothos venaticus	0.001459867	0.001197287	0.001666698	0.111553449	0.092478830	0.126384687	0.110000000
Spilogale angustifrons	0.000505347	0.000258964	0.000753130	0.040054406	0.020760245	0.059201723	0.040000000
Spilogale gracilis	0.000093293	0.000000235	0.000219293	0.007512332	0.000019040	0.017607800	0.000000000
Spilogale putorius	0.001885596	0.001554771	0.002178339	0.141693506	0.118415534	0.161916848	0.140000000
Spilogale pygmaea	0.002313140	0.002011599	0.002548204	0.170979655	0.150496854	0.186710348	0.170000000
Suricata suricatta	0.000147127	0.000029984	0.000280567	0.011829614	0.002425774	0.022472721	0.010000000
Taxidea taxus	0.000166561	0.000006758	0.000345501	0.013369757	0.000547226	0.027602340	0.010000000
Tremarctos ornatus	0.001023408	0.000804646	0.001277777	0.079541002	0.063122318	0.098383591	0.080000000
Urocyon cinereoargenteus	0.000161781	0.000000704	0.000336770	0.012991938	0.000057038	0.026914149	0.010000000
Urocyon littoralis	0.001332558	0.001156080	0.001597340	0.102329138	0.089441093	0.121454823	0.100000000
Ursus americanus	0.000100415	0.000002145	0.000230858	0.008083178	0.000173748	0.018527864	0.000000000
Ursus arctos	0.000264395	0.000061466	0.000455233	0.021157878	0.004966525	0.036210442	0.020000000
Ursus maritimus	0.001031174	0.000825268	0.001252745	0.080126581	0.064687238	0.096551313	0.080000000
Ursus thibetanus	0.001564375	0.001320546	0.001871440	0.119042107	0.101505725	0.140778603	0.120000000
Viverra civettina	0.014783396	0.014171642	0.015872640	0.700546136	0.685293404	0.726374987	0.700000000
Viverra megaspila	0.005113888	0.004847833	0.005485127	0.339785124	0.325395954	0.359507734	0.340000000
Viverra tangalunga	0.000095588	0.000001184	0.000248078	0.007693373	0.000095898	0.019896217	0.000000000
Viverra zibetha	0.000155771	0.000002259	0.000355012	0.012504112	0.000182986	0.028351377	0.010000000
Viverricula indica	0.000369118	0.000175110	0.000617676	0.029412275	0.014085006	0.048815490	0.030000000
Vormela peregusna	0.001599861	0.001381507	0.001923102	0.121574882	0.105937320	0.144373426	0.120000000
Vulpes bengalensis	0.000267888	0.000045383	0.000506119	0.021416440	0.003669328	0.040176661	0.020000000
Vulpes cana	0.000500379	0.000265958	0.000742451	0.039684191	0.021315026	0.058386956	0.040000000
Vulpes chama	0.000093444	0.000000622	0.000213700	0.007527070	0.000050385	0.017162532	0.000000000
Vulpes corsac	0.000371381	0.000112293	0.000584851	0.029588444	0.009055014	0.046281577	0.030000000
Vulpes ferrilata	0.000245548	0.000046727	0.000447608	0.019648637	0.003777812	0.035614678	0.020000000
Vulpes lagopus	0.000154158	0.000002161	0.000320790	0.012382399	0.000175019	0.025653385	0.010000000
Vulpes macrotis	0.000087180	0.000001332	0.000214224	0.007021861	0.000107884	0.017204264	0.000000000
Vulpes pallida	0.000164660	0.000019405	0.000342626	0.013220643	0.001570548	0.027375752	0.010000000
Vulpes rueppellii	0.000770685	0.000525888	0.000974443	0.060492151	0.041713135	0.075930858	0.060000000
Vulpes velox	0.000160748	0.000007271	0.000312270	0.012906779	0.000588740	0.024980495	0.010000000
Vulpes vulpes	0.000234308	0.000030597	0.000430050	0.018757719	0.002475291	0.034241554	0.020000000
Vulpes zerda	0.000163492	0.000004810	0.000338381	0.013120793	0.000389575	0.027041144	0.010000000
Zalophus californianus	0.000098280	0.000000417	0.000231765	0.007911517	0.000033782	0.018599970	0.000000000
Zalophus wollebaeki	0.002166905	0.001895668	0.002412384	0.161082017	0.142466336	0.177691127	0.160000000
