0 0 0 0 0 0 0 0 0 0 0 0 0 0 0 0 0 0 0 0 0 0 0 0 0 0 0 0 0 0 0 0 0 0 0 0 0 0 0 0 0 0 0 0 0 0 0 0 0 0 0 0 0 0 0 0 0 0 0 0 0 0 0 0 0 0 0 0 0 0 0 0 0 0 0 0 0 0 0 0 0 0 0 0 0 0 0 0 0 0 0 0 0 0 0 0 0 0 0 0
0 0 0 1 0 0 1 0 0 0 0 0 0 0 0 0 0 0 1 0 0 0 0 0 0 1 0 0 0 1 0 0 0 0 0 0 0 0 1 0 0 0 0 0 0 0 0 1 2 0 0 1 0 0 0 0 0 0 0 0 0 2 1 0 0 0 1 1 0 0 1 0 1 0 0 2 0 0 0 0 0 0 0 1 0 0 0 0 0 0 0 0 0 1 0 0 1 0 0 0
1 0 0 1 0 0 1 0 1 1 0 0 0 0 0 0 0 0 3 1 0 0 0 0 1 1 0 0 0 1 0 0 0 0 0 1 0 0 1 1 0 1 0 0 0 0 1 1 3 0 0 1 0 0 1 0 1 0 0 0 0 2 1 0 0 0 1 1 0 0 2 0 1 0 0 2 0 0 0 0 0 0 0 1 1 0 0 0 0 0 0 0 0 2 2 0 1 0 0 0
1 1 2 1 0 0 3 0 1 1 1 0 0 1 1 0 0 0 3 2 0 0 0 1 1 1 0 1 0 1 0 0 1 1 0 2 0 0 1 1 0 1 0 0 2 0 2 1 3 0 1 1 0 0 1 0 1 0 0 0 0 3 1 0 0 2 1 1 1 1 2 0 1 0 0 2 0 1 0 0 0 0 1 1 1 0 0 0 2 0 0 0 0 2 2 0 2 0 0 1
3 1 3 1 1 1 3 0 1 1 2 0 0 1 1 0 1 0 3 2 0 0 1 2 1 1 1 1 0 1 1 1 1 1 0 2 0 0 2 1 0 1 0 0 2 0 2 1 3 0 1 2 0 1 1 0 1 1 0 0 0 3 1 0 0 2 2 1 2 1 2 0 1 0 0 2 0 1 0 1 1 0 2 1 2 0 0 0 2 0 0 1 0 2 2 0 2 1 0 1
3 1 3 1 1 1 3 0 2 1 2 0 0 1 1 0 2 0 3 2 0 0 1 2 1 1 1 1 1 1 1 3 1 1 0 2 0 0 2 1 0 1 0 1 2 0 2 1 3 0 1 2 0 1 1 0 1 2 0 0 2 5 1 0 1 2 2 1 2 1 2 0 1 1 0 2 0 1 0 2 1 0 2 2 2 0 1 0 3 0 1 1 0 2 2 0 3 2 0 1
4 2 3 1 2 1 3 0 3 2 2 0 0 1 1 1 3 2 3 2 0 0 2 2 1 1 1 1 1 1 2 3 1 1 0 2 0 0 2 1 1 1 0 2 2 1 2 1 3 1 2 2 1 1 1 0 1 2 0 0 2 5 1 1 1 2 2 1 2 1 3 0 1 2 0 3 0 1 0 3 1 1 3 2 2 0 1 0 3 2 1 1 0 2 2 0 3 2 0 1
4 2 3 1 3 1 3 0 3 2 2 1 0 3 1 1 4 2 3 3 0 1 2 2 2 1 1 1 1 1 2 3 1 1 0 2 1 0 2 1 4 2 0 2 3 1 3 1 3 1 3 2 1 1 2 0 3 3 1 0 2 5 1 2 1 4 2 1 2 1 3 0 1 2 0 3 1 1 0 3 1 1 3 2 2 0 1 0 4 2 1 2 1 2 3 0 3 2 0 1
4 4 3 1 3 3 3 0 3 3 2 1 0 3 1 2 4 2 3 3 0 2 3 2 3 1 1 2 2 1 2 3 2 1 1 2 1 1 2 2 4 2 0 3 3 1 3 1 3 1 3 2 1 1 3 1 3 3 1 0 2 5 1 2 1 4 2 1 2 2 3 0 1 3 0 3 1 1 1 3 1 1 4 2 2 0 1 2 4 3 1 2 1 3 3 0 3 2 0 1
4 5 3 1 3 3 3 0 4 3 2 2 1 3 1 2 4 2 3 4 0 2 3 2 3 1 1 2 2 1 2 3 2 1 1 2 1 1 2 2 4 2 0 3 3 1 4 1 4 2 3 2 1 1 4 1 5 3 1 1 2 6 1 2 1 4 2 2 2 3 3 0 1 3 0 3 3 1 3 3 1 2 4 2 2 0 2 2 4 3 1 2 2 3 4 0 3 2 1 1
5 5 3 1 3 3 3 0 4 3 2 2 1 3 1 4 4 3 3 4 0 2 3 2 4 2 2 3 2 1 2 3 2 2 1 2 1 2 2 3 4 2 1 3 3 1 5 3 5 2 4 2 1 1 4 1 6 3 1 1 2 7 1 2 2 5 2 2 3 3 4 0 1 3 0 3 4 1 3 6 1 2 4 2 2 1 3 2 4 4 1 2 2 3 4 0 3 3 1 1
5 5 3 1 3 3 3 0 4 3 2 2 1 3 1 4 4 4 3 4 1 2 3 2 5 2 2 3 2 1 2 3 2 2 3 2 1 3 2 4 5 3 1 4 3 1 5 3 6 2 4 2 1 1 4 1 7 3 1 1 2 7 3 3 2 6 3 3 3 3 4 1 3 4 0 3 4 1 3 6 1 2 5 3 2 1 3 2 4 4 1 2 2 3 4 1 3 3 2 1
5 5 3 4 3 3 3 0 5 4 2 2 2 4 1 4 4 4 3 4 2 2 3 2 5 2 3 3 2 1 2 3 2 3 3 3 1 4 2 4 5 3 1 4 3 2 6 3 6 2 4 2 2 1 6 1 7 3 1 1 2 8 3 3 2 7 4 3 3 3 4 2 3 4 2 3 5 1 3 6 1 2 5 4 2 1 4 2 5 6 1 2 2 3 4 1 3 3 2 1
6 5 3 4 3 3 3 1 5 4 2 2 3 6 1 5 4 4 3 4 2 2 3 2 6 3 3 3 3 1 2 4 2 3 4 3 1 4 2 5 5 3 1 4 3 2 6 3 6 2 4 2 3 1 6 1 7 4 1 1 2 9 3 3 2 7 5 3 3 3 4 2 5 4 4 3 5 1 4 6 1 2 5 4 2 1 4 2 5 6 2 3 2 3 4 1 3 3 2 1
6 5 3 4 3 3 3 1 5 4 3 4 3 6 1 5 4 5 4 4 3 2 3 2 6 3 3 3 3 1 3 4 3 3 4 3 1 4 3 6 5 3 2 4 3 2 7 3 6 2 4 2 4 1 7 1 7 4 2 2 2 9 3 3 2 7 5 3 3 3 4 2 5 4 4 4 5 1 4 6 1 2 5 6 2 1 4 2 6 6 3 3 3 3 6 1 3 5 2 1
6 5 3 4 3 3 3 1 5 4 3 4 3 6 1 5 4 5 4 4 3 2 3 3 6 3 4 3 3 1 3 4 3 3 4 4 1 6 4 6 5 4 3 4 5 3 7 3 6 3 4 2 5 1 7 1 7 4 2 2 2 9 3 4 2 7 5 3 4 3 6 2 5 4 4 4 6 2 4 6 2 2 5 6 3 1 4 2 6 7 4 4 3 4 6 1 3 5 3 1
6 5 3 4 3 3 4 2 5 5 3 5 3 7 1 5 4 6 4 5 5 3 3 3 6 3 4 3 3 2 3 4 4 3 5 4 1 6 4 7 5 4 3 4 5 3 7 3 6 3 4 2 5 1 7 1 7 4 2 2 2 9 3 4 3 7 5 3 4 3 6 2 6 4 4 4 6 4 4 6 2 3 5 6 4 1 4 3 6 7 4 4 4 4 7 1 3 5 3 1
7 5 3 4 4 3 6 3 5 5 3 6 3 7 1 5 4 6 5 7 5 3 4 3 6 4 5 3 5 2 3 4 6 3 6 4 1 6 4 7 5 4 3 5 5 3 8 3 7 3 4 4 6 1 8 1 7 4 2 2 2 9 4 4 3 7 5 3 4 4 6 2 6 4 5 4 6 4 5 6 2 4 5 6 4 1 4 3 7 7 6 4 4 5 7 1 3 5 4 1
7 5 4 5 4 3 6 3 6 5 3 7 3 7 1 6 5 6 7 7 5 3 4 3 6 4 5 3 5 2 3 4 6 3 6 4 2 7 4 7 6 4 3 6 5 3 8 3 7 3 4 4 6 1 8 1 7 4 2 3 3 9 4 4 3 7 5 3 4 4 6 3 6 5 5 5 6 4 6 7 4 4 6 7 5 1 5 3 7 8 7 4 4 5 7 2 3 5 4 2
7 5 5 5 4 3 6 3 7 5 3 8 3 7 1 6 5 8 7 8 5 3 4 5 6 4 6 4 5 2 4 5 6 3 6 4 3 9 4 7 6 4 3 7 5 3 8 3 7 4 4 4 7 1 9 1 7 4 2 3 4 9 4 5 4 7 5 3 4 5 6 3 6 5 5 5 6 4 7 8 4 4 6 7 5 1 5 3 7 9 7 4 5 5 8 2 3 5 4 2
7 5 5 7 5 3 7 3 7 6 4 8 3 7 1 7 5 8 8 8 5 3 4 5 6 4 6 4 5 2 5 5 6 3 6 5 3 9 5 8 6 4 3 7 5 3 8 3 7 4 4 5 7 1 9 1 7 4 3 4 4 9 4 6 5 7 5 3 4 6 7 3 6 5 6 5 7 4 8 9 4 5 6 7 5 1 5 4 7 10 7 4 5 5 8 2 4 5 4 3
8 6 5 7 5 3 7 3 7 6 4 8 3 7 1 7 5 9 8 8 6 3 5 5 7 4 6 5 6 2 5 5 7 4 6 5 3 9 5 8 7 4 3 7 5 5 8 4 7 4 5 7 8 1 10 1 7 4 3 4 4 9 4 7 5 7 5 3 4 6 9 5 6 5 8 5 7 4 8 9 4 6 7 7 5 1 5 4 7 10 7 6 6 7 8 2 4 5 5 3
8 7 5 7 5 3 9 3 7 7 4 8 5 8 1 7 5 9 9 8 6 3 7 5 7 4 9 7 6 2 5 6 7 5 7 5 4 9 5 9 7 5 4 7 5 5 8 4 7 4 6 7 9 1 10 1 7 4 3 5 4 9 4 8 5 7 5 3 5 6 9 5 8 5 8 5 7 4 8 9 4 6 9 7 5 1 5 4 7 10 7 6 6 7 8 2 4 5 5 3
8 7 5 7 5 4 9 3 8 7 4 10 5 8 2 8 5 9 9 8 6 3 7 5 9 5 9 7 6 2 5 6 8 5 7 5 4 10 6 9 7 5 4 7 6 5 9 4 7 4 6 7 9 1 10 1 7 4 3 6 4 9 4 8 5 7 5 3 6 6 9 5 8 5 8 7 7 4 8 10 5 6 10 7 5 2 6 4 7 10 7 7 6 7 8 2 4 5 5 4
8 7 5 8 5 5 9 3 8 7 4 10 5 8 2 8 5 9 9 9 6 3 7 5 9 5 10 7 6 2 6 6 8 6 7 5 4 10 6 9 7 6 4 7 7 5 9 4 8 5 8 7 10 3 10 1 7 4 3 7 4 9 4 8 5 7 5 4 7 6 10 5 9 5 8 7 8 4 8 11 5 6 10 8 5 2 6 4 8 10 7 7 6 7 9 2 4 5 5 4
9 7 5 8 5 5 9 3 8 7 5 10 5 8 2 8 5 10 9 9 6 4 7 5 9 6 11 7 7 2 6 6 8 7 7 5 5 10 6 9 7 6 4 7 7 5 10 4 8 6 8 7 10 4 10 1 7 4 3 7 4 9 4 8 5 7 5 4 7 6 10 6 9 5 9 7 8 4 8 11 6 6 10 8 6 2 6 4 8 10 8 8 6 7 9 2 4 6 6 4
11 7 5 8 5 5 9 3 8 7 6 10 5 8 2 9 5 11 10 9 6 4 7 6 9 7 11 7 7 3 6 6 8 8 8 6 5 10 6 9 7 6 4 7 7 5 10 4 8 6 8 7 10 4 11 1 8 5 3 7 4 10 4 9 5 7 5 4 7 7 10 7 9 5 9 7 8 5 8 11 6 7 12 8 7 3 6 5 8 10 8 9 7 7 9 2 5 6 7 4
11 7 5 8 5 5 9 4 8 8 7 11 5 9 2 9 5 11 10 9 7 4 7 7 9 7 11 8 7 3 6 6 8 8 10 6 5 10 6 9 7 7 4 7 7 5 11 6 9 6 8 8 10 5 12 1 9 5 3 8 4 10 5 9 5 7 6 4 8 8 11 7 10 7 9 7 8 5 8 11 6 8 14 8 7 3 6 5 8 10 8 9 7 7 9 2 5 6 7 4
11 7 5 8 8 5 10 4 8 8 7 12 6 9 4 9 6 11 10 10 7 4 7 7 9 7 13 8 7 3 7 6 9 9 10 6 5 10 7 9 7 7 6 7 7 5 11 7 9 6 11 9 10 5 13 1 9 5 4 8 4 10 5 9 5 7 6 4 9 8 11 7 10 7 10 7 8 5 8 12 6 8 14 8 7 3 6 5 8 10 8 10 7 7 9 2 5 6 7 5
11 7 5 8 11 5 10 4 8 8 8 13 7 10 4 9 7 11 12 10 7 4 8 7 9 7 13 8 8 3 8 6 9 9 10 6 5 10 7 9 7 7 6 7 8 5 11 7 9 6 11 9 10 6 13 1 9 5 4 8 4 10 5 10 5 8 6 4 9 8 11 7 10 7 10 8 8 5 8 12 7 8 14 9 7 3 8 5 8 10 8 10 7 7 10 3 5 7 7 5
11 7 6 9 11 5 10 4 8 10 8 13 7 10 4 9 7 12 12 10 7 5 8 7 9 7 13 8 8 3 8 6 9 9 10 6 5 10 7 10 7 7 6 7 8 5 11 7 9 6 11 9 10 7 13 1 9 5 4 8 4 10 5 10 5 8 6 5 9 8 11 7 10 7 10 8 8 5 8 12 9 8 14 9 8 4 8 5 8 10 8 11 7 7 10 3 5 7 7 5
11 7 6 10 11 7 10 4 9 11 8 13 7 10 5 9 7 12 12 10 7 6 9 8 9 7 13 8 8 3 9 6 9 10 10 6 6 10 8 10 7 7 6 7 8 5 11 7 9 6 11 12 10 8 14 1 9 6 4 8 4 10 5 10 5 9 6 5 9 9 11 7 10 7 10 9 9 5 9 12 9 9 15 9 8 4 8 5 8 10 8 11 7 7 10 3 5 7 7 5
11 8 6 10 11 8 10 4 9 11 8 13 8 11 5 9 7 12 12 10 7 6 9 9 9 8 13 8 9 3 9 6 9 12 10 7 6 11 8 10 8 7 8 7 8 5 11 7 9 6 11 12 10 8 14 1 9 6 5 8 4 10 5 10 5 9 7 6 10 9 11 7 10 8 10 9 9 5 9 12 9 11 15 9 8 5 10 6 10 11 8 12 7 7 10 3 5 7 7 5
11 8 6 10 12 8 10 4 9 11 8 13 8 12 5 9 7 12 12 11 7 7 9 9 10 9 13 8 10 3 11 8 9 12 11 8 6 11 8 10 9 7 8 7 8 5 11 7 9 7 11 12 10 10 14 1 10 6 5 8 4 10 5 10 5 10 7 7 11 10 11 7 10 8 10 9 10 5 9 13 9 12 15 10 8 5 10 6 11 11 9 13 7 7 10 3 5 7 7 6
11 8 7 11 13 8 11 4 9 11 9 14 9 12 5 9 7 14 12 11 7 9 10 9 10 9 13 8 10 3 12 8 9 12 11 8 6 11 8 11 9 9 8 7 8 5 12 7 9 9 12 12 10 11 14 2 10 7 5 8 5 11 5 10 5 10 8 7 11 10 11 9 10 8 10 9 10 5 9 14 9 12 16 10 8 5 11 6 11 11 11 13 7 7 11 3 9 7 7 6
12 8 7 11 13 8 11 4 10 11 10 14 9 12 5 9 7 14 13 11 7 9 10 9 10 9 13 8 11 3 12 8 9 12 11 9 6 11 9 11 9 9 8 8 8 6 14 7 9 10 12 12 10 11 14 2 10 7 6 8 6 11 5 10 5 10 8 7 11 11 11 9 11 8 10 12 10 6 11 16 9 12 16 11 9 5 11 6 11 11 11 14 7 8 11 3 9 7 9 7
12 8 7 11 13 8 11 5 10 11 10 14 9 14 5 9 8 15 13 11 7 9 10 9 11 9 13 9 11 3 13 9 9 15 11 9 6 11 10 11 9 11 8 8 8 6 14 7 9 11 12 12 10 11 14 3 10 7 6 8 6 11 6 11 5 10 9 9 11 11 12 9 14 8 10 12 10 6 11 16 9 12 16 12 9 6 11 6 11 11 11 15 8 8 11 5 11 7 10 7
12 8 7 11 13 8 11 5 10 12 10 14 9 14 5 9 8 15 15 11 7 9 10 9 12 9 13 9 13 3 13 9 9 15 11 9 7 11 10 11 10 11 8 8 8 6 14 9 10 11 12 13 10 11 16 3 10 7 6 8 6 11 6 11 5 10 9 9 11 11 13 9 14 10 10 12 11 6 12 16 10 12 16 12 9 6 11 7 11 12 11 15 9 8 11 6 11 7 10 7
12 8 8 11 14 8 11 5 10 12 10 14 9 14 5 9 8 15 16 11 7 10 10 9 12 9 15 9 13 4 15 9 9 15 11 11 7 12 11 11 10 11 8 11 8 6 15 9 10 11 12 13 11 11 16 3 10 7 6 8 7 11 6 12 5 10 9 9 12 11 14 9 15 10 10 12 12 7 12 16 10 12 16 12 10 6 11 7 11 12 11 15 9 9 11 8 11 7 11 8
12 8 9 11 14 8 11 6 10 14 10 15 10 14 5 9 8 15 16 11 8 10 10 9 12 10 16 10 13 4 15 9 9 15 11 11 7 12 11 11 10 11 9 11 8 6 17 9 11 11 12 13 11 11 16 3 10 7 6 8 10 11 6 12 5 10 9 9 12 13 15 10 16 10 10 12 12 7 13 17 10 12 16 12 11 6 12 7 11 12 11 15 9 9 11 8 11 7 11 8
13 8 9 11 14 8 12 6 11 14 11 16 10 14 5 9 8 16 16 11 9 10 10 9 12 10 16 10 14 4 15 9 10 15 11 11 7 12 12 11 10 11 10 11 8 7 17 9 11 11 13 14 12 12 16 3 11 7 6 8 11 11 7 12 5 13 9 10 12 13 16 11 16 10 11 12 12 7 14 17 10 12 16 12 11 6 12 7 12 12 11 15 9 9 11 9 12 7 11 8
13 9 10 11 14 8 12 6 11 14 12 16 10 14 5 9 8 17 16 11 9 10 10 10 15 10 17 10 14 4 15 10 10 15 11 11 7 12 13 11 11 11 11 11 8 7 18 9 11 11 13 14 12 12 17 3 11 7 6 8 11 12 7 12 5 13 9 10 13 14 17 11 16 11 12 12 12 7 14 19 11 12 16 12 11 7 12 7 13 12 11 16 9 9 11 9 12 7 11 9
15 9 10 11 14 8 13 6 11 14 12 16 10 14 5 9 8 17 16 11 9 10 10 10 15 10 17 10 14 5 15 10 10 15 11 11 8 12 13 12 12 11 11 11 8 7 18 10 11 11 13 14 12 12 17 3 11 7 6 8 11 12 7 13 6 13 10 10 13 14 18 11 17 11 12 12 12 8 14 19 11 12 16 13 11 7 13 7 14 12 11 16 9 10 12 10 12 7 13 9
15 9 11 11 14 9 13 7 13 14 12 16 10 14 5 9 8 17 16 11 10 11 11 10 15 10 17 11 14 5 15 10 10 15 11 11 9 12 13 13 13 11 11 12 8 7 18 10 12 11 13 14 12 12 17 3 11 7 6 8 11 12 7 14 6 14 11 12 13 14 18 11 17 11 12 12 13 8 14 19 11 12 16 14 11 8 15 7 14 13 11 17 9 11 12 11 13 7 13 9
16 10 12 11 14 9 14 7 13 14 12 16 10 14 5 9 8 17 16 11 10 11 12 10 15 10 18 11 14 5 17 10 10 16 11 11 10 12 13 13 13 11 11 15 8 7 19 10 12 11 13 14 12 12 17 3 11 8 6 8 11 12 7 14 6 14 12 12 13 16 18 11 17 11 12 12 13 8 14 19 11 12 16 16 11 8 15 8 14 13 11 18 9 12 12 11 14 7 13 9
17 10 12 12 14 9 14 7 13 15 13 16 11 14 5 9 8 17 16 11 10 11 12 10 17 10 18 12 14 5 18 10 10 16 11 11 10 13 15 14 13 12 11 15 8 7 19 11 12 11 13 14 12 12 19 3 11 8 6 9 11 12 7 14 6 14 12 12 13 16 18 12 17 11 12 12 13 8 14 19 12 12 16 16 11 9 16 8 14 13 11 18 9 13 12 11 14 7 14 9
20 10 12 12 16 9 14 7 13 15 15 16 11 14 6 9 8 17 17 12 10 11 12 10 17 11 19 12 15 5 18 10 10 16 11 11 10 13 16 14 13 12 11 15 8 7 19 12 12 11 13 14 15 12 19 3 12 8 6 9 11 13 7 14 6 14 13 12 14 16 18 13 17 11 12 12 13 8 14 19 12 12 16 16 11 10 16 10 15 13 12 19 9 13 12 11 14 8 14 9
21 11 12 12 17 10 14 8 13 15 16 17 11 14 6 10 8 17 17 12 10 11 13 10 17 11 19 12 15 5 18 10 11 16 11 11 11 13 16 14 13 12 11 15 10 7 19 12 13 12 14 14 15 12 19 3 12 8 7 10 11 13 7 14 6 14 14 12 14 16 18 13 17 11 12 12 13 8 14 19 12 12 16 16 11 10 16 10 15 13 12 20 9 14 12 11 15 9 15 9
21 12 12 12 17 10 14 9 13 15 16 17 11 15 6 10 8 17 18 12 10 11 13 10 18 12 20 13 16 5 19 10 11 16 11 12 11 13 16 14 13 12 12 15 10 7 20 12 13 13 14 14 16 12 19 3 12 9 7 11 11 14 7 14 6 14 14 12 14 16 18 14 17 12 13 12 13 8 14 21 12 12 16 16 11 12 16 10 15 13 13 21 9 14 12 11 15 9 15 10
21 12 12 12 17 10 15 10 13 15 16 18 11 16 6 10 9 17 18 12 10 11 13 11 18 12 20 13 16 6 19 11 11 16 11 12 12 13 16 14 13 14 13 15 10 7 20 12 13 14 15 14 16 12 19 3 12 9 7 11 11 17 8 14 8 15 14 12 15 18 18 14 17 13 17 12 13 8 14 21 13 12 16 17 11 12 16 11 18 13 13 21 9 14 12 12 15 9 15 10
21 12 14 12 17 10 16 11 15 15 16 19 11 16 6 10 9 17 18 12 10 12 13 12 19 13 20 13 16 6 19 11 11 17 11 13 12 13 17 14 15 15 13 15 12 7 20 12 13 14 15 14 16 12 19 4 13 9 8 11 11 17 8 14 8 16 14 13 15 18 18 14 17 14 19 12 13 8 14 21 13 12 17 17 11 12 16 11 18 13 14 22 10 15 13 12 16 10 15 10
21 12 15 12 18 10 17 11 15 15 17 19 12 16 6 10 10 17 18 12 10 13 13 12 19 14 20 17 16 6 20 11 11 17 12 13 12 13 17 14 15 15 13 15 13 7 21 12 14 14 15 14 18 12 19 4 13 9 9 11 11 17 9 14 10 16 14 13 15 18 19 14 17 14 19 12 13 8 14 21 13 12 18 17 13 15 16 11 18 13 14 22 10 15 13 12 16 10 15 10
21 12 15 12 18 10 17 11 16 15 17 19 14 16 7 10 10 17 18 12 11 13 13 12 19 15 20 18 16 6 21 11 11 17 12 13 12 14 19 14 15 15 13 17 13 7 21 13 15 14 15 15 19 13 20 4 13 10 9 11 11 17 9 15 10 16 15 13 15 18 19 14 18 14 19 12 13 8 14 22 13 12 18 18 13 16 16 11 18 13 15 23 10 16 13 12 16 10 16 10
21 12 15 12 18 10 18 11 16 15 19 19 14 17 7 10 10 17 18 12 11 13 15 12 19 15 20 18 16 6 22 11 12 17 12 14 12 14 19 14 15 17 13 19 13 7 21 13 15 14 15 16 19 13 20 4 14 10 11 12 12 18 9 16 10 17 15 14 15 19 19 14 19 14 19 14 13 8 14 22 14 13 18 18 13 16 16 11 18 13 16 24 10 16 14 12 17 11 16 10
21 12 15 12 19 10 18 11 16 15 21 20 14 17 7 10 10 17 18 12 11 14 15 12 19 15 20 20 16 7 22 12 12 17 12 14 12 14 21 14 16 17 13 20 13 7 21 13 16 15 15 16 19 13 21 4 14 11 11 12 12 18 9 16 10 17 15 16 15 19 19 14 20 14 19 14 13 8 14 22 14 13 18 18 14 16 16 11 18 14 16 24 12 16 14 12 18 12 17 10
22 12 15 13 19 10 18 12 16 15 21 20 15 18 8 11 10 17 19 14 11 14 16 14 21 15 21 20 16 8 22 12 12 18 12 14 13 15 21 14 16 17 13 21 13 7 21 13 16 16 15 17 20 13 21 5 14 11 12 12 12 18 9 17 10 17 16 16 15 19 19 14 20 15 19 14 14 8 14 23 14 14 19 18 15 16 16 11 18 14 16 25 12 16 14 13 18 12 17 10
22 12 16 13 19 10 18 12 16 15 21 20 15 19 8 12 10 18 21 15 11 14 17 16 21 15 21 20 16 8 23 12 12 18 12 14 13 15 22 15 17 17 13 21 16 7 22 13 16 17 16 17 21 13 22 5 14 12 12 13 12 18 11 17 11 17 17 17 15 19 19 14 20 15 19 14 14 8 14 23 15 14 19 18 15 16 16 12 18 14 16 25 12 17 14 14 20 12 18 10
23 12 16 13 19 10 19 12 16 15 21 20 15 19 8 12 10 18 21 15 12 14 18 16 21 16 22 20 17 8 23 12 15 18 13 14 14 15 22 15 17 18 13 21 16 7 22 13 16 17 16 17 21 13 23 5 14 12 12 13 13 19 11 17 11 17 17 17 15 19 20 14 20 16 19 15 14 9 14 23 15 14 19 19 15 16 16 13 18 14 17 25 14 17 14 15 20 12 18 10
23 12 16 15 20 10 19 14 16 15 22 21 15 19 9 12 10 19 21 15 12 14 18 16 21 16 22 20 17 8 23 12 15 18 13 14 15 16 22 15 17 18 13 21 17 7 22 13 18 17 16 17 21 13 24 5 15 12 12 13 14 20 12 17 12 18 17 17 15 19 20 15 21 16 19 15 15 9 14 23 16 14 19 19 15 16 16 13 19 14 17 25 14 18 14 16 20 12 19 10
23 12 17 17 21 10 20 14 16 15 22 21 15 21 9 13 10 19 21 15 12 14 18 17 22 17 23 23 18 9 23 12 15 18 13 14 15 16 22 15 17 18 13 21 17 7 23 13 18 17 16 17 21 13 24 5 15 12 12 13 14 21 12 17 12 20 17 18 15 19 20 15 21 17 19 15 15 9 14 24 16 14 19 19 15 16 16 13 19 14 18 25 15 18 14 16 20 13 19 10
24 12 17 17 21 10 20 14 16 16 22 21 15 23 9 13 10 19 21 15 12 14 18 18 23 19 23 23 18 9 24 13 15 18 13 14 15 16 22 16 17 19 13 21 17 8 23 13 18 17 16 17 21 13 24 5 16 12 12 13 14 21 12 17 12 20 17 18 16 19 20 15 22 17 20 16 16 9 14 24 16 14 19 20 16 16 16 13 19 14 19 25 15 19 14 16 20 13 19 12
24 14 17 17 21 11 20 16 16 17 22 21 15 24 9 13 10 19 21 16 13 14 18 18 23 19 23 23 18 9 24 13 15 18 13 14 15 16 23 16 17 19 14 22 17 9 23 13 19 18 17 17 21 13 25 5 16 13 12 15 14 21 12 17 12 20 17 18 16 19 21 15 22 17 23 16 16 9 14 24 16 15 19 21 17 16 17 13 19 14 19 25 15 19 14 18 20 13 19 12
24 14 17 18 21 11 20 18 17 18 23 21 16 24 10 13 11 19 22 16 13 15 18 18 23 19 23 23 18 9 24 13 15 19 13 15 15 16 24 16 18 19 14 22 17 9 24 13 19 18 19 19 21 13 25 6 16 14 12 15 15 21 12 17 13 20 17 18 16 19 21 15 24 17 24 17 16 9 14 24 18 15 19 22 17 16 18 13 19 14 19 25 15 19 14 18 20 14 19 12
24 15 17 18 21 11 21 18 17 18 23 21 17 24 10 13 11 19 22 16 14 15 18 19 23 20 25 23 18 9 24 14 15 19 13 15 16 16 25 16 19 19 15 22 17 9 24 13 19 18 19 19 21 13 25 6 16 14 13 15 15 22 12 17 13 22 17 18 16 19 21 15 24 17 24 17 16 9 14 24 19 15 19 23 17 16 18 13 19 14 19 25 15 19 15 18 20 14 19 12
24 16 17 18 21 11 21 19 18 18 23 21 17 24 11 13 11 19 23 18 14 16 18 19 23 20 25 23 19 10 25 14 15 19 15 16 16 16 25 16 19 21 15 23 17 9 24 14 19 18 19 19 21 13 25 6 16 14 13 16 15 22 12 17 13 22 17 19 16 19 21 15 25 17 24 17 16 9 14 24 19 15 20 23 18 16 18 13 19 14 19 25 16 19 15 18 20 14 19 12
24 16 18 18 21 11 21 20 19 18 24 23 17 25 11 13 12 19 23 18 14 17 18 19 25 20 25 23 19 11 25 16 15 19 15 16 17 16 26 17 20 22 15 23 17 9 24 14 19 18 19 19 22 13 25 7 16 15 13 16 15 23 12 18 13 22 17 19 18 19 21 15 25 17 26 17 16 10 14 24 19 16 20 23 19 16 18 14 19 14 19 25 17 19 15 19 20 14 20 13
24 16 18 19 21 11 21 20 19 18 24 23 17 25 11 14 12 19 24 18 16 17 19 19 28 20 25 23 20 11 25 16 16 19 15 17 19 17 26 17 20 22 16 23 17 10 24 15 19 18 20 19 24 13 25 8 16 16 13 16 15 23 12 18 13 23 17 19 19 19 21 17 25 18 27 17 16 10 14 24 19 16 20 23 19 16 18 14 19 14 19 25 17 19 16 19 20 14 20 13
24 16 18 19 21 12 21 20 20 19 24 23 18 25 13 14 12 19 24 18 16 17 19 19 28 20 25 23 20 11 25 17 16 19 16 17 19 17 26 17 20 22 16 23 17 10 24 15 19 18 20 19 24 13 25 8 17 16 13 16 15 23 12 18 13 26 17 20 19 19 21 17 27 18 27 17 17 11 14 24 19 16 20 23 19 16 19 14 20 15 19 25 17 19 16 19 20 14 20 13
24 17 18 19 21 12 21 20 21 19 26 23 18 26 13 14 12 19 24 19 16 17 20 19 28 21 26 24 21 11 25 17 16 19 16 18 19 18 27 17 20 23 16 23 17 10 24 15 19 19 20 19 24 13 25 8 17 16 14 16 15 23 12 18 13 26 17 20 19 20 21 17 27 18 27 18 19 12 14 24 19 18 20 24 20 16 19 14 21 16 19 25 17 20 16 19 20 14 20 13
24 18 19 19 21 13 22 20 21 19 26 23 19 26 13 14 12 19 24 21 16 17 20 19 29 22 27 24 21 11 25 17 16 19 16 18 20 18 28 18 20 23 16 23 17 10 24 15 19 19 20 20 24 13 26 8 17 16 14 16 17 23 13 19 13 26 17 23 19 20 21 18 27 18 27 18 20 13 15 24 19 18 20 24 20 16 19 14 21 16 19 25 18 20 16 19 20 14 20 13
24 19 19 19 21 13 23 20 21 19 26 24 19 26 14 14 12 19 24 21 16 18 20 19 29 22 27 24 21 11 26 17 16 19 16 18 20 18 28 18 20 23 16 23 18 10 24 15 19 19 20 20 24 13 26 9 17 18 14 16 17 23 13 20 13 26 18 23 19 21 22 18 27 18 27 18 20 13 15 24 19 19 20 25 20 17 19 15 21 16 19 25 18 20 16 19 20 14 20 14
25 19 19 19 23 13 24 21 22 20 27 24 19 28 14 14 12 20 25 21 16 18 20 19 30 23 27 24 21 11 26 17 17 19 16 18 20 19 28 18 20 23 16 23 18 10 25 15 19 19 20 20 24 13 27 11 18 18 14 16 17 23 13 22 13 26 18 23 19 21 22 18 27 18 27 19 20 13 15 24 19 19 20 25 22 18 20 15 21 16 19 25 18 20 16 21 20 14 20 14
26 20 20 19 23 13 24 22 22 20 29 24 19 28 14 15 12 21 25 21 16 18 20 19 30 23 27 25 21 11 26 17 17 19 16 19 20 20 28 18 20 23 16 23 18 10 25 16 19 19 20 20 24 15 28 11 18 18 15 16 17 23 13 22 13 26 18 23 20 22 22 18 27 18 27 19 20 13 15 24 20 19 20 25 22 18 21 15 21 16 19 25 18 21 16 21 20 14 20 14
27 20 21 19 23 14 24 22 22 20 30 24 19 29 14 15 12 21 25 21 16 18 21 19 31 23 27 25 22 12 26 18 17 19 16 19 20 20 28 18 20 23 16 23 19 10 25 16 19 20 20 20 25 15 28 12 18 20 15 16 17 23 13 22 13 26 18 23 21 22 23 18 27 18 27 19 21 13 15 24 20 19 20 25 23 18 22 16 21 16 20 25 18 21 16 21 20 15 22 14
27 20 21 19 23 14 24 22 23 20 30 24 19 29 15 15 13 22 25 23 17 18 22 20 31 23 27 26 22 13 26 19 18 20 16 19 20 20 28 18 20 24 16 24 19 11 25 16 19 20 20 20 25 16 28 12 18 20 15 16 17 23 14 22 15 26 18 23 21 23 23 18 27 18 27 20 21 14 15 24 21 19 20 25 23 18 23 17 21 17 20 25 19 22 16 21 20 15 23 14
28 20 21 21 23 14 24 23 23 22 30 25 20 29 16 15 13 22 26 23 17 18 22 20 31 23 27 27 22 13 26 19 18 20 16 19 21 20 29 18 20 24 16 24 19 11 25 16 19 20 20 20 25 16 28 13 18 20 15 16 17 23 14 22 16 26 19 23 21 24 25 19 27 18 27 20 21 14 15 24 21 19 20 25 23 19 23 17 22 17 20 25 20 23 16 22 20 15 23 14
28 21 21 21 23 15 24 23 23 22 30 25 20 30 16 16 13 22 26 24 17 18 22 21 32 24 27 28 22 13 26 19 18 20 16 19 21 21 30 18 21 25 16 24 20 11 25 16 20 20 20 21 26 17 29 13 18 21 16 16 18 24 14 22 17 26 19 23 21 24 26 19 27 18 27 20 21 14 15 24 21 19 20 25 23 19 23 17 22 17 20 26 20 23 16 23 20 15 23 14
28 22 21 21 23 16 24 23 23 22 30 25 20 30 16 17 13 22 26 24 17 18 22 22 32 25 27 28 23 13 26 19 18 21 16 19 23 22 30 18 21 26 16 25 20 11 26 16 20 20 20 21 26 17 29 13 18 22 16 16 18 24 15 22 17 27 19 23 21 24 27 19 27 18 29 20 21 14 16 24 21 19 20 26 24 19 23 17 22 17 20 26 20 23 18 23 21 15 23 14
28 22 21 21 23 16 24 23 24 22 30 26 20 30 16 18 14 22 27 24 17 18 22 23 32 25 27 28 23 13 26 20 18 21 16 19 23 23 31 18 22 26 17 26 21 11 26 17 20 20 20 21 26 17 29 13 18 22 16 16 19 25 15 22 18 27 19 24 21 24 27 19 27 19 29 20 21 14 16 24 21 19 20 26 24 19 24 17 24 17 20 26 20 24 18 23 21 15 23 14
30 22 21 21 23 16 24 23 24 22 30 27 20 30 16 18 14 22 28 24 17 18 23 23 32 26 27 28 23 13 26 20 19 21 16 19 23 23 31 18 22 26 17 26 21 11 26 17 20 21 20 21 26 17 29 14 18 22 16 16 20 25 16 22 18 27 19 24 21 25 27 19 28 19 29 20 22 14 16 24 24 19 20 26 25 19 24 18 24 17 20 26 20 24 19 23 22 15 23 15
30 22 21 21 23 16 24 24 25 23 30 27 20 30 16 19 14 22 29 25 18 18 23 23 32 26 28 28 23 13 26 20 19 21 16 19 23 23 31 18 23 27 18 27 21 11 27 17 20 21 21 21 27 17 29 14 18 22 17 16 20 25 16 23 18 27 21 24 21 25 29 19 28 19 29 21 24 14 16 25 24 19 20 26 27 20 24 18 24 17 20 26 20 24 19 23 22 15 23 15
30 22 22 21 23 16 24 25 25 23 30 27 20 30 16 19 15 22 29 27 18 18 24 23 32 26 28 28 23 13 26 20 19 23 16 19 23 23 31 19 23 27 18 28 21 11 27 18 20 21 22 21 27 17 29 15 18 22 17 17 20 25 16 25 19 28 21 24 21 26 30 19 28 19 29 21 24 14 16 25 24 19 20 26 27 20 25 18 24 17 20 26 20 24 19 24 22 15 24 15
30 23 22 23 24 16 24 27 25 24 30 27 20 30 16 19 15 22 30 27 18 19 24 23 33 26 29 29 23 13 26 21 19 23 17 19 23 23 31 19 23 27 19 28 21 11 27 18 20 21 22 22 27 17 29 15 18 22 17 17 20 25 16 25 20 28 21 24 22 26 30 20 28 19 29 21 24 14 17 25 24 19 20 26 29 22 26 18 24 18 20 27 21 25 20 25 22 16 25 16
31 23 22 23 24 17 24 28 25 24 30 27 20 31 16 19 16 22 30 27 20 19 24 23 34 27 29 29 23 14 26 23 19 23 18 19 23 23 31 19 23 27 19 28 21 11 27 18 20 21 22 22 27 17 29 15 18 23 17 17 20 25 16 25 20 28 21 24 22 26 30 20 28 19 29 22 24 14 17 25 24 20 21 26 29 22 26 18 25 18 20 27 21 26 20 25 22 17 25 16
31 23 24 23 24 17 25 29 26 24 30 27 21 31 17 19 18 22 30 27 20 19 24 23 34 27 31 29 23 14 26 24 19 23 18 19 23 23 31 19 23 27 19 29 21 12 28 18 20 23 22 22 27 17 30 15 19 23 17 17 21 25 16 25 21 28 21 24 22 26 30 20 28 19 30 22 25 15 17 25 24 20 21 26 29 22 28 18 25 19 20 27 21 27 21 25 22 17 25 16
32 23 24 23 24 17 26 29 26 24 30 27 21 31 17 19 18 22 30 28 21 20 24 23 34 28 32 29 23 14 27 25 19 23 19 19 23 23 31 19 23 27 19 29 21 12 28 18 20 23 22 22 28 17 31 15 19 24 17 17 21 25 16 27 21 28 21 24 22 26 32 21 29 19 30 22 25 15 17 25 24 21 21 27 29 22 28 18 25 19 20 27 21 27 21 27 23 17 25 16
32 23 24 23 24 17 26 29 26 24 30 27 21 31 17 20 18 22 31 28 22 20 24 23 34 29 32 29 23 14 27 25 19 24 20 19 23 23 32 20 24 27 19 29 21 12 28 18 21 25 22 23 29 17 32 15 19 24 18 17 22 26 16 27 21 28 22 24 22 26 32 21 29 19 30 22 25 15 17 25 24 21 22 28 29 22 28 18 25 20 20 27 21 27 21 28 23 17 26 17
33 23 24 23 24 18 27 29 26 24 30 28 21 31 17 20 18 22 31 28 23 20 24 23 34 29 32 29 24 14 27 25 19 25 20 19 23 23 32 22 24 27 19 29 21 12 28 19 22 25 22 23 30 17 32 15 19 24 19 17 23 27 16 28 22 29 22 24 22 26 33 21 29 20 31 22 25 15 17 26 25 21 22 28 29 22 28 18 25 20 20 27 21 28 22 28 24 18 26 17
33 23 24 23 24 18 27 29 26 24 30 28 21 31 17 20 18 22 31 28 23 20 24 23 34 29 32 29 24 14 27 25 19 25 20 19 24 24 32 23 24 27 19 29 21 12 28 19 22 25 22 23 32 17 33 16 19 25 19 17 23 27 17 28 23 29 23 24 22 26 34 21 29 20 31 22 25 15 17 27 25 21 23 28 29 22 28 18 25 20 20 27 21 28 22 29 24 18 26 17
33 23 24 24 24 18 27 29 27 24 30 29 22 31 17 21 18 22 32 28 24 21 25 23 34 30 33 29 24 14 27 25 19 25 21 20 24 24 32 23 25 28 19 29 21 12 29 20 22 25 22 23 32 17 33 16 19 25 20 18 23 27 17 28 23 29 23 24 22 27 35 21 29 20 32 22 25 15 17 27 25 21 23 28 29 22 28 19 25 20 20 27 22 28 22 29 24 19 29 19
33 23 24 25 24 18 27 29 27 24 31 29 22 31 17 21 18 22 32 28 25 21 26 23 34 30 33 29 24 14 27 25 19 25 21 20 25 25 32 24 25 28 19 29 21 12 29 21 22 26 22 23 32 18 34 16 19 25 21 19 23 28 18 28 24 29 23 25 22 27 35 21 29 20 32 22 25 15 17 27 25 22 23 28 29 24 29 19 25 20 20 27 24 28 22 29 24 19 29 20
33 23 24 25 24 18 28 29 29 24 31 29 22 31 17 22 19 22 32 28 25 22 26 23 34 30 33 29 24 14 28 25 19 25 21 20 25 25 32 24 25 28 19 29 22 12 30 22 22 26 22 24 32 20 36 16 19 25 21 20 23 28 18 28 24 30 23 25 22 27 35 21 29 20 33 22 26 16 17 27 26 22 23 28 29 25 30 19 25 21 20 27 24 28 23 29 24 19 29 20
33 23 25 25 24 18 28 29 29 24 31 29 23 31 18 23 19 23 32 29 25 22 26 23 35 30 33 29 24 14 29 26 19 25 21 20 26 26 32 24 25 28 20 29 22 12 31 22 22 26 22 24 32 20 36 16 19 26 21 20 24 29 18 28 24 30 23 26 22 27 35 22 29 20 33 22 26 16 18 27 26 22 23 28 29 26 30 19 25 22 20 27 25 28 23 29 24 20 29 20
33 23 26 25 24 18 28 29 29 24 31 29 23 31 19 23 19 23 32 29 25 22 27 23 36 30 33 30 25 15 29 26 19 25 22 20 27 26 32 24 26 28 20 29 22 12 31 23 22 26 22 25 33 20 36 16 20 26 22 20 24 29 18 28 24 30 23 26 22 28 35 22 30 20 33 22 26 16 19 28 26 22 23 28 29 26 30 19 25 22 20 27 25 28 23 29 24 20 29 20
33 24 27 26 26 18 28 30 30 25 31 30 23 31 20 23 20 23 33 30 25 22 27 23 36 30 33 30 25 15 29 26 19 25 23 20 27 26 32 24 26 28 20 29 22 12 31 24 22 26 22 25 34 20 36 18 20 28 22 20 27 30 18 28 24 30 23 27 22 28 37 23 30 20 33 22 26 16 19 28 26 23 23 28 30 26 30 19 26 22 21 27 25 28 23 29 25 20 29 20
33 25 27 26 26 18 28 30 30 28 31 31 23 31 21 23 20 23 33 30 25 22 27 23 36 30 33 30 25 16 29 26 19 26 24 21 27 26 32 26 26 28 20 30 22 12 31 24 22 26 22 25 35 20 36 18 20 28 24 21 28 30 19 28 24 30 23 27 22 28 37 23 30 21 34 22 27 16 20 28 26 23 23 28 30 27 31 19 26 22 21 28 25 28 23 29 25 20 29 20
34 25 27 26 26 18 28 30 30 28 31 31 23 31 22 24 20 23 35 30 25 22 28 23 37 30 33 30 25 16 29 26 19 26 24 22 27 26 32 27 26 28 20 30 22 12 32 25 22 26 22 26 36 20 36 18 20 29 24 21 28 30 19 28 25 30 23 27 22 28 37 24 30 21 34 22 27 16 20 28 26 23 24 28 30 27 31 19 26 23 21 28 25 28 23 29 25 20 29 20
34 25 27 26 26 18 28 30 30 29 31 32 23 31 22 24 20 24 35 30 26 22 29 23 38 31 33 30 25 17 29 26 19 26 24 22 28 26 32 27 28 28 20 30 22 12 32 25 23 26 22 26 36 20 37 18 20 30 25 21 28 30 19 28 26 30 24 27 22 28 37 24 30 21 34 23 27 16 20 28 26 23 24 28 30 27 31 19 26 23 21 28 26 28 25 29 25 20 29 20
35 25 27 26 26 18 29 30 30 29 31 32 23 32 22 24 20 24 35 30 26 23 29 23 38 31 33 30 25 17 29 26 19 26 24 23 28 26 32 27 28 28 21 30 22 12 33 25 23 27 22 26 36 20 37 19 20 30 25 22 28 30 19 28 26 30 24 29 22 28 37 24 31 21 34 23 27 16 20 28 26 23 24 28 30 27 31 19 26 23 21 28 26 29 25 29 25 20 29 20
35 25 28 26 27 18 29 30 31 29 31 34 24 32 22 24 21 24 36 31 27 23 30 23 38 31 33 31 28 17 29 26 19 27 24 23 29 26 32 28 28 28 21 30 22 12 33 25 24 27 23 27 36 22 37 19 20 30 25 23 29 30 19 28 27 30 24 29 23 28 37 26 32 21 34 23 27 16 20 28 27 26 24 29 30 27 35 19 26 23 21 30 26 29 25 29 25 20 29 20
36 25 28 26 28 18 30 31 32 30 31 34 24 32 22 24 21 26 36 31 27 23 30 24 38 31 33 32 28 18 29 26 19 27 24 23 29 26 32 28 28 28 21 30 22 12 33 25 24 28 23 27 37 23 37 19 21 30 25 25 29 30 19 28 27 31 24 29 23 28 37 27 32 21 34 23 28 16 20 29 28 27 24 29 30 28 35 19 27 23 21 31 26 29 25 29 25 21 29 21
36 25 28 26 28 19 30 31 32 30 31 34 24 33 23 24 21 26 36 31 27 23 32 24 38 31 33 32 28 18 29 27 19 27 24 23 31 26 33 28 29 28 21 30 23 12 33 25 24 28 23 27 38 24 37 19 21 32 25 25 29 30 19 28 27 31 24 29 23 30 37 27 32 21 34 25 29 16 20 31 28 27 24 29 30 28 36 19 27 23 21 31 26 29 25 29 25 21 29 21
37 25 29 26 28 21 30 32 32 30 33 35 24 33 23 24 21 26 37 32 27 24 34 24 38 31 34 32 28 18 29 27 20 28 24 23 31 27 33 28 29 28 22 30 23 12 34 25 24 28 23 27 39 24 37 19 22 32 25 26 30 30 19 28 27 32 25 29 24 30 39 28 33 21 34 26 29 16 20 31 28 27 24 30 30 28 37 19 27 24 21 31 26 29 26 30 25 21 29 21
38 25 29 26 28 21 30 32 32 30 34 36 25 33 23 24 21 26 37 32 28 24 34 24 38 31 34 33 28 18 29 27 20 28 25 23 31 27 33 28 30 29 23 30 23 12 34 26 24 28 23 27 39 24 38 20 22 34 25 26 30 30 19 28 28 33 25 30 24 30 39 28 34 21 34 26 29 16 20 31 28 28 24 30 32 28 37 19 27 24 21 31 26 30 26 31 25 21 29 21
39 25 29 26 28 21 30 32 32 30 34 36 26 33 24 24 21 26 37 32 29 24 34 24 38 31 34 33 28 19 29 28 20 28 26 23 31 27 33 28 30 29 23 30 23 13 36 26 24 28 23 27 39 24 39 20 22 34 26 27 30 30 19 28 28 33 25 30 24 31 39 28 34 21 35 26 29 16 20 31 28 28 24 30 32 28 37 19 27 24 22 31 27 30 26 32 26 22 29 21
40 25 30 28 28 21 30 32 32 30 34 36 26 33 24 24 21 26 37 33 29 24 35 24 39 31 34 33 28 19 29 29 20 28 26 23 32 28 33 29 30 29 23 30 23 13 37 27 24 28 23 27 39 24 39 20 22 34 26 27 30 30 19 28 28 33 25 30 24 31 39 28 34 21 35 26 29 16 22 31 28 28 24 30 32 28 37 19 27 24 24 31 28 32 27 33 26 22 29 21
40 26 30 28 29 21 30 32 32 30 34 36 26 33 25 24 21 26 37 33 29 24 37 24 40 31 34 33 29 20 30 29 21 28 26 23 32 29 33 30 30 30 24 30 23 13 37 27 24 29 23 27 39 24 41 20 23 34 27 28 30 31 19 28 28 33 25 31 24 31 39 28 34 21 35 26 29 17 22 32 28 28 24 30 32 28 37 19 27 24 24 34 29 32 27 33 26 22 29 21
40 26 30 28 29 21 30 33 32 30 34 36 26 33 25 24 21 26 37 33 29 24 37 24 41 32 35 33 29 20 30 29 21 29 27 23 32 29 33 30 30 30 25 31 24 13 37 27 24 29 23 27 39 24 41 20 23 34 27 29 30 31 20 29 28 33 25 31 24 31 39 28 34 21 35 26 30 17 22 32 28 28 24 30 32 28 37 20 28 25 24 35 29 32 27 34 26 23 30 21
40 27 31 29 29 22 30 34 32 30 34 36 28 36 25 24 21 27 37 33 29 24 37 24 41 32 35 33 29 21 30 29 21 29 27 23 32 29 33 30 31 32 26 31 25 13 37 27 24 29 23 29 39 24 41 20 23 34 27 30 30 31 20 29 28 33 25 31 24 31 39 29 34 22 35 26 30 17 22 32 28 28 24 30 32 29 37 20 28 25 24 35 29 32 27 34 26 23 30 22
40 27 31 29 29 23 31 34 32 30 34 36 28 36 25 25 21 27 37 33 29 24 38 24 41 32 35 33 30 21 30 30 22 29 28 24 32 29 34 30 32 32 27 31 26 13 37 27 24 29 23 29 39 24 41 20 24 34 27 30 30 31 20 30 28 33 25 31 24 31 40 29 34 22 35 26 31 17 22 32 28 29 24 30 32 30 37 20 28 25 25 35 29 32 27 34 27 23 30 22
40 27 31 29 29 23 32 34 32 30 34 36 28 37 25 25 21 27 37 33 29 25 38 24 42 32 35 33 30 21 30 30 22 29 29 27 32 29 34 30 33 32 28 31 26 13 38 27 24 29 23 30 39 24 41 20 24 35 27 30 31 31 20 31 28 33 26 31 25 32 40 29 34 22 35 26 31 18 22 32 28 29 24 31 32 30 37 20 29 25 25 35 30 32 27 34 27 24 30 22
40 27 31 29 29 23 32 34 32 30 34 36 28 37 25 25 21 27 37 33 31 25 39 24 42 34 35 33 30 23 30 30 23 29 30 27 32 29 34 30 33 32 28 31 26 13 38 27 24 29 24 30 40 24 41 21 24 35 27 30 32 31 20 31 29 33 26 31 27 32 41 29 34 22 36 27 32 18 23 32 28 29 24 31 32 30 38 20 29 25 25 35 30 33 27 36 27 24 30 22
40 27 31 29 30 23 32 34 32 30 34 36 28 38 27 25 22 27 37 34 31 26 39 25 42 34 35 33 30 24 30 30 24 29 30 27 33 29 34 30 33 32 29 32 26 13 38 27 24 29 24 31 40 25 41 21 24 35 27 31 32 32 20 31 30 33 26 32 27 32 41 29 34 22 36 27 32 18 23 33 29 29 24 31 32 30 38 20 30 26 25 35 32 33 27 36 27 24 30 22
40 27 31 30 30 23 32 35 32 30 34 37 29 38 27 25 22 27 38 34 32 26 39 25 42 34 36 33 30 24 30 30 24 29 30 27 33 29 35 30 33 32 30 32 26 13 38 28 24 29 24 31 40 25 41 21 24 35 28 32 32 32 20 31 30 33 26 32 27 32 41 29 36 22 36 27 32 19 23 34 30 29 24 31 32 30 38 20 30 26 25 36 32 33 27 38 27 24 30 22
40 27 31 31 30 24 32 36 33 30 34 39 29 38 27 25 22 28 38 34 32 26 40 26 42 34 36 34 30 24 31 30 25 29 30 27 33 29 35 30 33 32 30 33 26 13 38 28 24 29 24 32 40 25 42 22 24 35 28 32 32 32 20 32 30 33 27 32 27 32 41 29 36 22 37 27 32 19 24 34 31 29 24 31 32 30 39 20 31 27 26 37 33 33 28 39 27 24 31 22
40 27 32 31 30 24 32 36 33 30 34 39 29 38 27 25 22 28 40 34 32 26 40 26 42 35 36 35 31 25 31 30 25 29 31 27 33 30 35 30 33 32 30 33 28 13 38 28 24 30 25 33 40 25 43 23 24 35 29 32 32 32 21 32 30 33 27 32 28 33 41 29 36 22 37 27 32 19 24 36 31 30 24 32 32 30 40 20 31 27 26 37 34 33 30 39 27 24 31 22
40 27 32 31 30 24 32 36 33 30 34 39 30 39 27 25 23 28 40 35 32 27 40 26 42 35 36 35 31 25 31 30 25 29 31 27 33 30 35 31 33 33 31 33 28 13 38 28 24 30 25 33 40 26 43 23 24 35 29 32 32 32 21 33 30 33 27 32 28 33 41 29 36 23 38 27 32 19 24 36 33 30 24 32 32 30 40 20 31 27 27 37 34 33 31 40 27 24 32 22
41 28 32 32 30 25 32 37 34 31 34 39 30 39 27 26 23 28 40 35 32 27 40 26 42 35 36 35 31 25 31 31 25 30 31 28 33 30 37 32 33 33 32 33 28 13 38 28 24 30 25 33 40 26 43 23 24 35 30 32 32 32 22 33 30 33 27 32 29 33 41 29 36 23 39 27 32 20 25 36 34 30 25 32 32 30 40 20 31 27 28 37 34 33 31 40 28 25 32 22
42 28 32 33 30 25 32 37 34 31 35 40 30 40 27 27 23 28 40 35 32 27 40 26 42 35 36 35 32 25 31 31 25 30 31 28 33 30 37 32 34 33 32 33 28 13 38 28 25 30 25 33 40 26 43 23 24 36 31 33 32 32 22 33 30 33 27 32 30 33 41 29 36 23 39 27 32 20 25 37 34 30 25 32 32 30 40 21 31 27 29 37 35 33 31 41 28 25 32 22
42 28 32 34 31 25 33 37 34 32 35 40 31 40 28 27 24 28 40 35 32 27 40 26 45 35 36 35 32 25 31 32 25 31 32 28 33 30 37 33 34 34 32 33 28 13 38 28 25 30 26 33 40 26 43 23 24 36 31 33 34 32 23 33 30 33 27 32 30 33 41 29 36 23 39 27 32 20 25 37 34 30 26 32 32 30 41 21 31 28 29 37 35 33 32 41 28 25 32 22
42 29 32 34 32 25 33 37 35 32 36 40 31 40 28 28 24 28 41 35 32 27 41 26 45 35 36 35 32 25 31 32 25 31 32 28 33 30 37 33 34 34 33 33 28 13 38 28 26 30 26 33 40 26 43 23 25 37 31 34 34 32 23 34 30 33 28 32 30 34 41 30 36 23 39 27 32 20 25 37 34 31 26 33 32 30 44 21 31 28 29 37 35 33 32 41 29 26 32 22
43 29 33 34 32 25 33 37 35 32 36 40 31 40 28 29 24 28 41 36 32 27 41 26 45 35 36 35 32 25 31 32 25 31 32 28 34 30 37 35 34 34 33 33 28 14 38 29 26 30 26 34 40 26 43 23 27 39 32 36 34 32 23 34 32 35 28 32 30 34 41 30 37 23 39 27 33 20 25 37 34 31 27 34 32 30 44 21 31 28 30 37 35 33 32 42 30 27 32 22
43 29 33 34 32 27 33 37 36 32 36 41 31 41 28 30 24 28 41 36 32 27 42 26 45 36 36 35 34 26 31 32 27 31 32 29 34 30 37 36 34 34 35 33 28 14 38 29 26 30 26 34 40 26 43 23 27 39 32 37 34 34 23 35 32 36 28 33 30 34 41 30 37 23 40 27 33 20 25 37 34 31 27 34 32 30 44 21 31 29 30 37 35 33 33 43 30 27 32 23
44 31 34 34 32 27 34 38 37 32 37 41 31 41 29 30 24 28 41 36 32 27 42 26 45 36 38 35 34 26 32 32 27 31 32 29 35 30 37 36 34 34 36 33 28 14 38 29 26 30 26 34 40 26 43 23 27 39 32 37 34 34 23 35 32 36 29 33 30 34 41 31 37 24 40 27 33 20 25 37 36 31 27 35 33 31 44 21 31 29 30 37 35 33 33 43 30 27 32 23
44 31 36 35 32 27 34 39 37 32 38 41 31 41 31 30 24 28 41 36 33 27 42 26 45 36 39 35 34 26 32 32 27 31 33 29 35 31 37 36 35 35 36 33 28 14 39 30 26 30 26 34 40 27 44 23 27 42 32 37 34 35 23 35 32 36 29 33 30 34 42 31 37 24 40 28 34 20 25 37 38 31 27 35 33 31 45 21 31 29 30 37 36 33 33 44 30 27 32 24
44 31 37 36 32 27 34 39 37 32 39 42 31 42 31 30 25 28 41 36 33 27 42 26 45 36 39 35 34 26 32 32 27 31 34 29 36 31 37 36 35 35 37 33 28 14 40 30 27 30 30 34 40 27 44 24 27 42 32 37 34 36 23 36 32 36 30 33 30 34 42 32 37 24 41 28 34 20 25 37 38 32 27 35 33 31 45 22 31 31 30 38 36 33 33 44 30 27 32 24
44 32 37 37 32 27 34 39 37 32 39 42 31 43 31 30 25 29 41 37 33 27 42 27 45 36 39 35 34 26 32 32 28 32 34 29 36 31 37 36 35 35 37 33 28 14 40 30 27 30 30 34 40 28 44 24 27 42 33 37 34 36 23 36 32 36 30 33 30 34 43 32 37 24 41 28 34 20 25 37 38 32 27 35 33 32 45 22 31 31 31 38 37 33 33 44 30 27 32 24
44 32 37 37 32 27 34 39 38 32 39 42 31 43 31 30 25 30 41 37 34 28 43 27 45 36 39 35 34 27 32 33 28 32 34 29 36 31 37 36 36 35 37 33 28 14 40 30 27 30 30 34 40 28 45 24 27 42 33 37 34 37 23 36 32 36 30 33 30 34 43 34 38 25 41 28 35 20 25 37 38 33 27 35 33 32 45 23 31 31 31 38 37 34 33 44 30 27 32 24
44 33 37 37 32 27 34 40 38 32 39 42 31 43 31 30 26 30 41 37 34 29 43 28 45 36 39 35 34 27 32 33 29 32 34 29 36 32 38 36 36 36 37 33 28 14 40 30 27 30 30 34 40 28 45 24 27 42 33 37 35 37 23 36 32 36 30 35 31 36 43 34 38 25 41 29 36 20 26 38 38 33 29 35 33 32 45 24 31 31 31 40 39 34 33 44 31 27 32 24
44 34 37 37 32 28 35 40 38 33 40 42 32 43 31 30 26 30 43 37 34 29 43 28 45 36 39 35 34 27 32 33 29 32 35 29 37 32 38 37 36 36 37 33 29 14 40 30 27 30 30 35 40 28 45 24 27 43 33 39 35 37 23 36 32 36 30 36 31 36 44 34 38 25 41 30 36 20 26 40 38 33 29 36 33 32 46 24 31 31 31 40 39 34 33 44 31 27 33 24
44 34 37 37 32 29 35 42 38 34 40 42 32 45 31 30 26 31 43 38 35 29 43 28 45 36 39 35 34 27 33 33 29 33 35 29 37 32 38 39 36 36 37 33 29 14 40 30 27 31 31 35 42 28 46 24 27 43 33 39 36 37 23 36 33 36 30 36 31 36 44 34 39 25 42 30 36 20 27 40 38 33 30 36 34 32 46 24 31 31 32 40 39 34 33 45 31 28 33 25
44 34 38 37 33 29 35 42 38 34 40 42 32 45 31 30 26 31 43 38 37 29 43 29 45 36 39 35 34 27 33 33 29 33 35 30 38 32 38 41 36 36 37 33 29 14 40 31 28 31 31 35 42 28 46 25 28 43 33 39 36 37 23 36 33 36 31 36 31 36 44 34 39 25 42 30 36 20 27 40 38 33 30 36 34 33 47 25 31 31 32 40 39 34 33 45 31 29 33 25
44 34 39 37 33 29 37 42 38 34 40 42 32 45 31 30 27 31 43 38 38 29 43 30 46 36 39 36 34 27 33 33 30 34 37 30 38 32 38 41 36 36 37 33 29 14 40 31 28 31 32 35 44 28 46 25 28 44 33 40 36 38 23 36 33 36 32 36 31 36 44 34 39 25 43 30 36 20 27 40 39 33 30 36 34 34 47 25 31 32 32 41 39 35 33 46 31 29 33 27
44 35 39 37 34 29 37 42 38 34 40 42 32 45 32 32 28 31 43 38 38 29 43 30 46 36 39 37 34 27 33 33 30 35 37 30 38 32 38 41 36 36 37 33 31 14 40 31 28 33 32 35 44 28 46 25 29 45 33 40 37 38 23 36 33 36 32 36 31 36 44 34 39 25 43 30 38 20 27 40 39 33 31 36 34 34 47 25 32 32 33 41 39 35 33 46 31 30 33 28
44 35 39 37 34 30 38 43 38 34 40 43 33 45 32 33 28 31 43 38 38 29 43 30 46 36 39 37 34 27 33 33 30 35 38 30 39 33 38 41 36 36 37 33 31 15 40 31 28 33 32 35 44 28 46 25 30 45 34 40 37 38 24 37 33 36 32 36 31 36 45 34 39 25 43 30 38 21 27 40 40 33 31 37 34 34 48 25 33 32 33 43 41 35 34 47 31 30 34 28
44 35 40 37 34 30 38 43 38 34 40 43 33 46 32 34 28 31 43 38 38 30 43 30 47 36 39 37 35 28 33 33 30 35 38 30 39 33 39 41 36 36 37 34 32 15 41 31 28 33 32 35 44 29 46 25 30 46 34 40 37 38 24 37 33 36 32 36 31 36 45 34 39 25 43 30 38 22 27 40 40 33 32 38 34 34 48 25 33 32 34 43 41 35 34 47 31 30 34 28
44 35 40 37 34 30 38 43 38 34 40 44 34 46 32 35 28 31 43 38 38 30 43 31 48 36 39 38 35 28 34 33 31 35 38 30 40 33 40 41 36 37 37 34 33 15 41 31 28 33 32 35 45 29 48 25 30 46 34 41 37 38 24 37 33 37 32 36 32 36 46 34 40 26 43 32 38 23 27 40 40 33 32 38 34 34 48 25 34 33 35 43 41 35 34 47 31 31 34 28
44 35 41 38 34 30 38 43 38 34 40 44 34 47 32 35 29 31 44 39 38 30 43 31 48 36 39 38 36 29 34 33 31 35 38 31 40 33 40 41 38 38 37 35 33 15 41 31 29 33 32 35 45 29 48 26 33 46 34 41 37 38 24 37 34 37 33 36 32 36 47 34 40 26 43 32 38 23 27 40 41 33 32 39 34 34 48 25 35 33 35 43 41 35 34 47 31 32 34 28
44 35 41 39 35 30 38 44 38 34 40 44 34 47 33 35 29 31 44 39 38 31 43 32 48 36 39 38 36 29 34 34 31 36 38 31 40 33 40 41 38 39 37 35 33 15 41 31 31 33 33 35 45 29 48 26 33 46 35 41 37 38 24 37 34 37 33 36 33 36 48 34 40 27 43 32 38 23 27 40 41 33 32 40 34 34 48 26 35 33 35 43 42 35 35 47 31 32 34 29
44 36 41 39 35 30 38 44 38 34 40 44 35 48 33 35 30 32 44 39 38 31 44 32 48 37 39 38 36 29 34 34 32 36 38 31 40 33 40 41 38 39 37 35 35 16 41 31 32 33 33 35 45 29 48 26 34 46 35 42 37 38 24 37 34 37 34 36 33 37 48 35 40 27 44 32 38 23 27 40 42 33 32 40 34 35 48 26 35 33 35 43 43 35 35 47 31 32 35 29
44 36 42 39 36 30 39 44 38 34 40 45 35 48 33 35 30 32 45 39 38 31 44 32 49 38 39 38 36 30 35 34 34 36 38 31 40 33 40 41 38 39 37 35 35 17 42 31 32 33 33 35 46 29 48 27 34 46 36 42 37 38 25 38 34 37 34 36 33 37 48 35 40 27 44 32 38 23 27 40 42 34 32 41 34 35 48 28 35 34 35 43 43 36 35 47 31 32 35 29
45 37 42 39 36 30 39 44 38 34 40 46 35 48 33 36 31 32 46 39 38 31 44 32 49 39 39 39 36 30 36 34 35 36 38 31 40 33 40 41 38 39 38 35 35 17 43 31 32 34 33 35 46 29 48 28 34 47 36 42 37 38 26 40 35 37 34 36 33 37 49 35 40 27 44 33 38 23 27 40 42 34 33 41 34 36 48 28 37 34 35 43 43 38 35 47 31 33 36 29
45 37 42 39 36 31 39 44 38 35 40 46 35 48 33 37 31 33 46 39 38 31 44 32 51 40 39 40 36 30 36 34 37 36 38 31 40 33 40 41 38 39 38 35 35 17 44 31 32 34 33 35 46 29 48 28 34 47 37 42 37 38 26 40 36 39 35 36 33 37 49 36 41 27 44 33 38 23 27 42 42 34 33 41 34 36 48 29 37 35 36 43 43 38 36 47 32 33 36 29
46 39 42 39 36 31 39 44 39 35 40 47 35 50 33 37 31 33 46 39 38 31 44 32 51 40 39 40 36 30 36 34 37 36 39 32 41 33 40 41 38 39 38 35 35 17 44 31 32 34 33 35 47 29 48 28 34 47 37 42 37 38 27 41 37 39 36 36 34 39 49 36 41 27 44 33 39 23 27 42 42 34 33 41 34 36 48 29 37 35 36 43 44 38 36 47 32 34 36 30
46 40 42 39 36 31 39 44 40 35 40 47 35 51 33 37 31 34 46 39 38 32 45 32 51 40 39 40 36 30 36 34 37 36 40 32 41 33 40 41 39 40 38 35 36 18 44 31 32 34 34 36 48 29 48 29 34 47 38 42 37 38 27 41 37 40 36 36 35 40 49 36 41 27 44 33 39 24 28 42 43 35 33 41 34 36 49 29 37 35 36 43 44 38 37 47 32 34 37 30
46 40 42 39 36 31 39 44 40 35 40 48 35 53 33 37 32 34 46 40 39 33 45 32 52 42 39 40 36 30 36 35 37 36 40 32 41 33 41 41 39 40 39 36 36 18 44 31 32 34 35 36 48 29 48 29 34 47 38 42 38 38 27 41 38 40 36 36 35 41 49 37 41 27 44 34 39 25 29 42 44 35 34 41 35 36 49 30 37 35 36 43 45 40 38 47 33 35 37 30
46 40 42 39 36 31 39 44 40 35 40 48 35 53 33 37 33 34 46 40 40 33 45 32 52 42 39 40 36 30 36 35 37 36 41 32 41 33 41 41 39 41 39 36 36 18 45 31 32 34 36 37 48 30 49 29 34 47 38 42 38 38 27 41 38 40 36 36 35 42 50 37 41 27 44 35 39 25 29 42 44 35 34 43 35 37 49 31 39 35 36 43 45 40 38 47 33 35 37 30
46 40 42 40 36 31 39 44 40 35 40 48 36 53 33 37 33 34 46 40 40 34 45 32 52 42 39 40 36 31 38 35 37 36 41 32 41 33 41 42 39 41 39 37 36 18 45 32 32 34 36 37 50 30 49 29 34 48 39 42 38 38 27 41 38 40 36 36 35 42 50 37 41 27 44 35 40 25 29 43 45 36 35 43 35 38 49 32 39 35 37 43 45 40 38 48 33 36 37 30
47 40 42 40 36 31 39 44 40 35 40 48 36 53 34 37 33 34 47 40 40 34 45 32 52 42 39 40 36 32 38 35 37 36 44 32 41 33 41 42 39 41 39 37 36 18 45 32 32 34 38 37 50 30 50 29 34 48 39 42 38 38 27 41 38 41 36 36 35 43 50 37 41 27 44 35 40 25 31 45 45 36 35 44 35 38 49 32 39 35 37 43 45 40 38 48 33 36 37 30
47 41 42 40 36 31 39 44 40 36 40 49 36 53 34 38 34 34 47 40 40 34 45 32 52 42 39 40 36 35 38 35 37 36 44 32 41 33 41 42 40 41 39 37 36 18 45 32 32 34 38 38 50 30 50 29 34 48 42 43 38 38 27 41 38 42 36 36 35 43 50 37 41 27 44 35 40 25 31 45 45 36 35 44 35 38 50 32 39 35 37 43 45 40 39 48 33 37 37 30
47 41 42 40 36 32 39 44 40 37 40 49 36 53 35 38 34 35 47 40 40 34 45 32 52 42 39 41 36 35 38 35 37 36 44 32 41 33 41 42 40 42 40 38 36 18 45 32 32 35 38 39 51 30 50 29 34 48 42 44 40 38 27 41 39 42 36 36 35 43 50 37 41 27 44 35 40 26 31 45 45 37 35 44 35 38 50 32 39 36 37 43 45 40 40 48 33 37 37 31
47 41 42 40 37 32 39 44 41 37 40 49 36 53 35 38 34 35 47 40 40 35 46 32 52 42 39 42 36 35 38 35 37 36 45 32 41 33 41 42 40 42 41 40 36 18 45 32 32 35 38 39 51 31 50 29 34 48 43 44 40 38 27 41 41 42 37 37 35 43 50 37 41 27 44 35 41 26 32 45 45 38 36 45 36 38 50 33 39 36 38 43 46 40 40 48 33 37 37 33
47 41 42 40 37 32 40 44 41 37 40 49 36 53 35 38 34 36 47 40 40 35 46 32 53 42 39 43 36 35 38 35 37 36 45 32 41 33 42 42 40 42 41 40 36 18 45 32 32 35 38 39 51 31 50 29 34 48 43 44 40 39 27 41 41 42 37 38 35 43 50 37 41 27 44 35 41 26 32 45 45 38 37 45 36 38 51 34 39 37 39 43 46 40 41 48 33 37 38 34
47 42 42 40 37 32 40 44 41 37 40 49 36 53 35 38 35 36 47 40 40 36 46 32 53 42 39 43 36 35 38 35 38 36 45 33 42 33 42 43 41 42 41 41 37 18 45 33 33 35 38 39 52 31 50 29 34 49 43 44 42 39 27 41 41 43 37 38 35 43 50 38 41 27 44 35 42 26 32 45 45 39 38 45 36 38 52 34 39 37 40 43 46 40 41 48 33 37 38 34
47 42 42 41 37 32 41 44 41 37 40 49 36 53 35 38 35 36 48 40 40 36 46 32 53 42 40 43 37 35 39 35 38 37 45 33 42 33 42 43 42 42 44 41 38 18 46 33 33 35 38 40 52 32 52 29 34 49 43 44 42 39 27 41 41 44 37 38 36 43 50 38 42 27 45 36 42 26 32 45 45 42 39 45 36 38 53 34 39 37 40 43 46 40 42 48 33 38 38 34
47 42 43 41 37 32 41 44 41 37 40 49 36 54 35 38 35 36 48 40 41 36 46 32 53 43 40 44 38 35 40 35 38 37 45 34 42 33 42 43 42 42 44 41 38 18 46 33 33 36 38 40 52 33 54 29 34 49 44 44 42 39 27 41 41 44 37 38 36 43 50 38 42 27 46 36 42 27 32 45 46 42 39 45 36 38 53 34 40 37 40 43 46 40 42 48 33 38 38 34
47 42 43 41 37 32 41 44 41 37 41 50 38 54 35 38 36 36 48 40 41 36 46 32 53 43 40 44 38 35 40 35 39 37 45 34 42 33 42 43 42 42 45 41 38 19 46 33 33 36 38 40 52 33 55 30 34 49 44 45 42 39 27 41 41 46 37 38 36 43 50 38 42 27 46 36 43 27 33 45 46 42 40 45 36 38 53 34 40 37 40 43 46 40 42 48 33 38 38 34
47 42 43 41 37 32 42 45 41 37 41 51 38 54 36 38 36 36 48 40 41 38 47 32 54 43 41 45 38 35 40 35 40 37 45 34 42 33 42 43 42 42 45 41 38 19 47 33 35 36 38 40 54 33 55 30 34 49 45 45 42 40 27 41 42 46 38 38 36 43 50 40 42 28 46 36 44 29 33 45 47 43 41 45 37 38 54 35 40 37 40 43 46 40 43 48 33 38 38 34
47 43 43 42 37 32 42 45 41 37 41 51 38 55 36 39 36 36 48 41 42 38 47 32 54 44 41 45 38 35 40 36 41 37 45 34 42 33 42 43 42 42 45 41 38 19 47 33 35 37 38 40 54 33 55 30 35 50 45 45 42 40 27 41 42 47 38 38 36 44 50 40 44 28 46 36 44 30 33 46 47 43 42 45 37 39 55 35 40 37 40 43 46 40 43 48 33 38 38 34
47 43 45 42 37 32 42 46 41 37 41 51 38 55 36 40 36 36 48 42 42 38 47 33 54 45 41 45 38 36 40 36 41 38 45 34 42 33 42 43 42 42 45 42 38 19 47 33 35 39 38 40 54 33 55 30 35 50 45 45 42 40 27 42 42 47 38 38 36 44 51 41 44 28 46 36 44 30 33 46 47 43 42 46 37 39 55 35 41 37 40 43 46 41 43 49 34 38 39 34
47 43 46 42 38 32 42 47 41 37 41 52 38 55 37 40 36 36 48 42 42 38 48 33 54 45 41 45 38 36 40 36 41 38 45 34 42 33 42 43 42 43 45 42 38 19 47 34 35 39 38 40 54 33 56 31 35 50 45 46 42 40 27 42 43 48 38 39 36 44 51 41 44 28 46 36 44 30 33 48 48 43 42 47 37 39 56 35 42 37 41 44 46 41 43 50 34 38 40 34
47 43 46 43 39 32 43 47 41 40 41 52 38 56 37 40 37 37 48 42 42 38 48 33 54 45 41 46 38 36 40 36 41 38 45 34 42 33 42 43 42 43 45 42 38 20 47 34 35 39 38 40 54 33 56 31 35 50 45 47 43 40 27 42 43 48 38 40 38 44 51 41 46 28 46 36 44 31 33 48 49 43 42 47 37 39 57 35 42 37 41 44 46 41 43 50 34 38 41 34
47 43 46 43 39 33 43 47 41 40 41 53 38 56 38 40 38 37 48 43 42 38 48 33 54 45 41 46 38 37 40 37 41 38 45 35 42 33 43 43 42 43 45 43 38 20 47 34 35 39 38 40 54 33 56 31 35 50 45 47 43 40 27 42 43 49 38 40 38 44 51 41 46 28 47 36 44 31 34 48 49 43 42 48 37 40 57 35 42 37 42 44 46 41 43 51 34 39 41 35
47 44 47 43 39 33 43 47 41 40 41 53 38 56 38 40 38 37 49 43 42 38 49 33 54 45 41 46 38 38 40 37 41 38 45 35 42 33 44 43 42 43 45 43 39 20 47 34 35 39 38 40 54 34 56 31 35 51 45 47 43 40 27 42 43 49 38 40 38 44 51 41 46 29 47 36 44 32 34 48 49 44 43 48 37 41 57 36 44 37 42 44 46 41 43 51 34 39 41 35
47 44 47 43 39 33 44 47 41 40 41 53 38 56 38 40 38 37 49 43 43 38 49 34 54 45 41 46 38 38 40 37 41 38 47 35 42 33 44 43 42 43 45 43 40 20 47 34 35 40 39 40 55 34 56 31 36 52 45 47 43 40 27 43 44 49 38 40 39 44 51 41 46 29 47 36 44 32 34 48 50 44 43 48 39 41 57 36 45 37 43 44 46 41 43 51 34 39 41 35
47 44 48 43 39 33 44 47 41 40 41 53 38 56 38 40 38 37 49 43 43 39 49 34 54 45 41 46 38 38 40 37 41 38 47 36 42 34 44 44 42 43 45 43 41 20 47 34 35 40 39 40 56 34 56 32 36 53 45 47 43 40 27 43 45 49 38 40 39 44 51 41 47 29 47 36 45 33 34 48 50 44 43 50 40 42 57 36 46 37 44 44 46 41 44 51 34 39 41 35
47 44 48 44 41 33 44 47 41 40 41 53 38 57 38 40 38 37 49 43 44 39 49 35 54 45 41 46 38 38 40 37 42 38 47 36 42 35 44 44 43 43 45 43 41 20 47 35 35 40 40 40 56 34 56 32 36 54 45 47 43 40 27 43 46 49 39 41 39 44 51 42 47 29 47 36 45 33 34 48 50 44 43 50 41 42 57 36 46 37 45 45 46 42 44 51 34 39 41 35
47 45 48 44 41 33 44 47 41 40 41 53 38 57 38 40 38 38 50 43 44 39 49 35 54 45 41 46 39 40 40 38 43 38 47 36 42 36 44 44 43 43 45 44 41 20 47 37 35 40 40 40 56 34 56 32 38 54 45 47 43 40 27 44 46 51 39 42 39 44 52 42 47 30 47 37 45 33 34 48 50 44 44 50 41 42 57 36 46 37 45 45 47 42 44 53 34 39 41 35
47 45 49 46 41 33 44 47 42 40 41 53 38 57 39 40 38 38 52 44 44 39 49 35 54 45 41 46 39 40 40 38 43 38 47 37 42 37 44 44 43 43 45 44 41 20 47 37 35 40 40 40 56 35 56 33 39 54 46 47 43 41 28 44 47 51 40 42 39 45 52 42 47 30 47 37 45 33 34 48 51 44 44 50 41 43 57 36 46 37 45 45 47 42 44 53 34 39 41 36
47 45 50 46 41 33 44 47 42 40 42 53 39 58 40 40 38 39 52 46 45 39 49 35 54 45 41 46 39 40 40 38 44 38 47 37 42 37 44 44 43 43 46 44 42 20 47 37 35 40 40 40 58 35 56 33 39 54 46 47 43 41 30 44 47 51 41 43 39 45 52 42 47 30 47 37 45 33 35 49 51 44 44 50 41 43 57 37 46 37 45 47 47 42 44 53 34 39 41 36
48 45 50 47 41 33 45 47 42 40 42 53 39 58 40 41 38 40 52 46 45 39 49 35 54 45 41 46 40 40 40 38 44 38 48 38 42 37 45 44 43 43 46 45 42 20 48 37 35 41 40 40 58 35 56 33 39 54 46 47 43 41 30 44 47 52 41 44 39 45 52 42 48 30 47 37 45 33 35 49 51 44 44 50 41 43 57 37 46 37 45 47 48 42 44 53 34 39 41 36
48 45 51 49 41 33 45 48 42 40 43 54 40 59 40 41 38 40 52 46 45 39 50 35 54 45 42 46 40 41 41 38 44 38 49 38 42 37 46 44 43 43 46 45 43 21 48 37 36 41 40 40 58 35 56 34 39 54 47 48 43 41 30 45 47 52 42 44 39 45 52 43 48 30 47 39 45 33 35 49 51 44 45 50 41 44 57 37 46 37 45 47 48 42 45 53 34 39 41 36
48 45 52 50 41 33 45 48 42 40 43 54 40 59 40 41 38 41 52 46 45 39 50 35 54 45 43 46 40 41 41 38 44 38 49 38 42 37 46 46 43 43 46 45 43 21 49 37 37 41 40 40 59 35 56 34 39 54 47 48 43 41 30 45 47 52 42 44 39 45 52 43 48 30 48 39 45 33 35 49 51 44 45 50 41 44 57 37 46 37 45 47 48 42 45 54 35 40 41 36
48 45 52 50 41 33 45 48 42 40 43 55 40 61 40 41 39 41 52 47 45 39 50 36 54 45 44 46 40 41 41 38 44 38 49 38 42 37 46 46 43 43 47 45 43 21 49 37 37 41 40 40 60 35 56 35 39 54 47 48 43 42 30 45 47 52 43 44 39 45 52 43 48 30 48 39 47 33 35 49 51 44 45 50 42 44 57 37 46 37 45 48 48 42 45 54 35 40 41 36
48 45 52 50 41 34 46 50 42 40 43 56 40 61 40 41 39 42 52 48 45 40 50 36 54 46 45 46 40 41 41 38 44 39 49 38 42 37 47 46 43 45 47 46 43 21 49 37 37 42 40 40 60 38 56 35 39 54 47 48 43 42 30 45 49 52 43 45 39 45 54 44 48 30 48 39 47 33 35 49 51 44 47 51 42 44 57 37 46 37 46 48 48 43 45 54 35 40 41 36
48 45 52 50 41 34 47 50 43 40 43 56 40 62 40 41 39 42 53 48 45 40 50 36 54 46 45 46 40 42 41 38 45 39 49 38 42 37 49 46 43 46 48 47 45 21 49 37 37 42 40 40 60 38 56 35 39 54 48 48 43 42 30 46 50 52 43 45 39 45 54 44 49 30 48 39 47 34 35 49 51 44 49 51 42 45 58 38 46 37 46 49 48 43 45 54 36 40 41 36
48 45 52 50 42 34 48 50 43 40 44 56 40 62 40 42 39 42 54 48 45 40 50 38 54 46 45 46 40 43 41 38 46 39 49 38 42 37 49 46 43 46 48 47 46 21 49 37 37 42 41 40 60 38 56 35 39 54 48 49 43 43 31 48 51 52 43 46 39 45 54 44 50 30 48 40 47 34 35 50 51 44 49 51 42 46 59 38 46 38 46 49 48 43 45 55 36 40 41 36
48 45 52 50 42 34 48 51 43 41 44 57 40 62 41 43 39 42 54 48 45 40 50 38 54 46 45 46 41 43 41 38 46 39 49 38 43 37 49 46 43 46 48 47 46 22 49 37 37 42 41 40 60 38 57 35 39 54 48 50 43 43 31 48 51 52 43 46 39 45 55 44 50 30 48 40 47 35 35 50 51 44 49 51 42 47 60 38 46 39 46 49 48 43 45 55 36 40 41 36
49 46 52 50 42 34 48 51 43 41 44 57 40 62 42 43 39 42 54 48 45 40 51 39 55 47 46 46 41 43 41 38 46 39 49 38 43 38 51 47 43 46 48 47 47 22 49 37 37 42 41 40 60 38 57 35 39 54 48 50 43 43 31 48 51 52 43 46 39 45 55 44 50 30 49 40 47 35 35 50 51 46 49 51 42 47 61 38 46 39 46 50 48 43 46 55 36 40 41 36
49 46 52 50 43 35 48 51 43 41 44 57 40 63 42 43 39 42 54 48 45 41 51 39 55 47 47 46 41 43 41 38 46 39 49 38 43 39 51 48 43 46 48 47 49 22 49 38 37 43 41 40 60 38 57 36 39 55 48 50 43 44 32 48 52 52 43 46 39 45 55 44 50 30 49 40 48 35 35 50 51 46 49 51 42 47 61 38 46 39 47 50 48 44 47 55 36 40 42 36
49 46 52 50 44 35 48 51 43 41 44 57 40 63 43 44 39 42 54 48 45 41 51 40 55 47 47 47 41 43 41 38 47 39 49 38 43 39 51 48 44 46 49 47 49 22 49 38 37 44 41 41 60 39 57 36 39 55 48 51 43 45 32 48 52 52 44 48 39 45 55 44 50 30 49 40 48 35 35 51 51 46 49 51 42 47 61 38 46 39 47 50 48 44 47 55 36 41 42 36
49 46 52 50 44 36 48 51 43 41 44 57 40 63 43 44 39 42 55 48 45 41 51 40 57 48 47 47 41 43 41 38 47 39 49 38 43 39 52 48 45 46 49 47 50 22 50 40 37 45 41 41 60 39 57 37 40 55 48 52 43 45 32 48 52 52 44 48 39 45 55 45 50 30 49 40 48 35 35 52 51 46 49 51 42 47 61 38 46 39 48 51 48 45 47 55 36 41 42 36
51 46 52 50 44 37 50 51 43 42 44 57 40 63 43 44 39 42 55 48 45 41 52 40 57 48 47 47 42 43 41 38 47 39 49 38 43 40 52 48 45 46 49 47 50 22 51 40 37 47 41 41 60 39 57 37 40 55 48 52 43 46 32 48 52 52 44 48 39 45 56 45 50 30 50 40 49 35 35 52 51 46 49 51 43 47 61 38 46 39 48 53 48 45 47 55 36 42 42 37
51 46 53 50 44 37 50 51 43 42 44 57 40 63 43 45 39 42 55 49 45 41 52 40 57 48 47 47 42 43 41 38 47 39 49 38 43 40 53 48 46 46 49 47 51 22 51 40 37 47 42 41 60 39 57 37 40 55 48 52 43 46 32 48 52 52 45 48 39 45 56 45 51 30 50 40 50 35 35 52 51 46 49 51 43 48 61 39 46 40 48 53 49 45 47 55 36 42 42 37
51 46 53 50 44 37 50 52 43 43 45 57 40 63 43 45 41 42 55 49 46 41 52 41 57 48 47 47 42 44 41 38 47 39 49 38 43 40 53 48 46 46 49 47 51 22 51 40 38 47 42 41 60 39 57 37 40 55 49 52 45 46 32 49 52 52 45 50 39 45 56 46 51 30 50 41 51 36 35 52 51 46 49 51 43 48 61 40 46 40 48 53 49 45 47 55 36 42 42 37
51 46 53 50 45 37 50 52 44 44 45 57 40 63 44 45 41 43 55 50 46 41 52 41 57 49 48 47 42 45 41 38 47 40 50 38 43 40 53 48 46 47 49 47 51 22 52 40 38 47 42 42 61 39 58 37 40 55 49 52 45 47 32 50 52 52 45 51 39 45 56 47 53 30 50 42 51 36 35 52 52 46 49 51 46 48 61 41 46 40 49 53 49 45 47 55 36 43 42 38
51 47 53 50 45 37 50 52 45 45 45 57 40 64 44 45 41 43 55 51 47 42 52 41 57 49 48 47 42 46 42 38 47 40 50 38 43 40 53 48 46 47 49 48 51 22 52 40 38 47 42 44 61 39 59 37 40 55 49 52 46 47 32 50 53 52 45 51 39 45 56 47 54 30 51 42 51 36 36 52 52 46 49 51 46 48 61 41 46 40 49 53 50 45 47 56 36 44 42 38
51 47 54 50 45 38 50 53 46 45 45 57 40 64 44 48 41 43 55 52 47 42 52 41 57 49 48 47 42 46 42 38 47 40 51 38 43 40 54 48 47 47 49 48 52 22 52 40 38 47 43 44 62 39 59 37 40 55 49 52 46 47 33 50 54 52 45 51 39 45 57 47 54 31 51 42 51 36 36 52 52 46 49 52 46 48 62 41 46 41 49 53 50 45 47 57 36 44 42 38
51 47 54 52 45 40 51 53 46 45 46 57 40 64 45 48 41 43 55 52 47 42 52 41 57 49 48 47 42 46 43 39 47 42 51 38 43 40 54 48 47 47 49 48 52 22 54 40 38 47 43 45 62 39 59 37 40 56 49 52 46 47 34 51 55 53 45 51 40 45 57 47 54 31 51 42 51 37 36 53 52 46 49 52 46 48 63 41 46 43 49 53 50 45 47 58 36 44 42 38
51 47 54 53 45 40 51 53 46 46 46 57 41 64 45 48 41 43 55 52 47 42 52 41 58 49 48 47 42 47 43 39 47 42 51 38 43 40 54 48 47 47 49 49 52 22 55 40 38 47 43 45 62 39 59 37 40 56 49 52 46 47 34 51 55 53 45 51 40 45 57 47 54 31 51 43 51 37 37 53 53 47 50 52 46 48 64 42 46 43 49 53 51 45 47 58 36 44 42 38
51 48 54 53 45 40 51 53 46 46 46 57 41 64 45 48 41 43 55 52 47 42 52 41 59 50 48 48 42 47 44 39 47 42 51 39 43 40 54 49 47 47 50 49 53 22 55 40 38 47 44 45 62 40 59 38 41 56 49 52 46 47 34 51 55 53 45 51 40 45 57 47 54 31 54 43 51 37 37 54 53 47 50 52 46 48 64 42 46 43 49 53 51 45 47 58 36 44 42 38
51 48 54 53 46 40 51 53 46 46 46 57 42 64 45 48 41 43 55 52 47 43 52 41 59 51 48 48 42 47 44 39 47 43 51 39 43 40 54 49 47 47 50 49 53 22 55 41 39 47 44 45 62 40 59 38 41 56 49 52 46 47 34 53 55 53 45 51 40 46 58 48 54 31 54 44 52 37 37 54 53 48 50 52 46 48 65 42 46 43 49 53 51 45 47 58 36 44 42 38
51 48 54 54 46 40 51 53 46 46 46 57 42 64 45 49 41 43 55 52 47 43 53 42 59 52 48 48 42 47 45 39 47 43 52 40 43 41 54 49 47 47 51 49 53 22 56 41 39 48 44 45 63 40 59 38 41 56 50 52 46 47 34 53 55 53 45 51 40 46 58 48 54 32 54 45 52 37 37 54 54 48 50 52 46 48 65 42 46 43 49 54 51 46 47 60 36 44 42 38
51 48 54 54 46 40 51 53 46 46 46 57 42 64 46 49 41 43 55 52 48 43 54 42 59 52 49 48 42 47 45 40 47 43 52 41 43 41 55 49 47 47 51 50 53 24 57 41 39 48 44 45 63 41 59 38 41 56 50 52 46 47 34 53 56 54 46 52 41 46 58 49 54 32 54 45 52 37 37 54 54 48 50 52 46 50 65 42 46 43 49 56 51 46 47 60 36 44 42 39
51 48 54 55 46 41 51 53 46 46 46 57 42 64 46 49 42 43 55 53 48 43 54 42 59 52 49 49 42 47 45 42 47 43 52 41 43 41 55 49 48 47 52 50 53 24 57 41 40 48 44 45 63 41 59 38 41 57 50 52 47 47 34 54 56 54 46 52 41 46 58 49 54 32 54 45 52 37 39 54 55 49 51 52 47 51 65 42 48 43 49 56 52 46 47 60 36 45 42 40
51 48 55 55 47 41 52 53 46 47 46 57 42 64 46 50 42 44 55 53 48 44 54 42 59 52 49 49 42 47 45 43 47 43 53 41 43 41 55 50 48 47 52 50 53 24 57 42 40 48 44 45 63 41 59 38 41 57 50 52 47 47 34 54 56 54 46 52 41 46 58 49 54 32 54 45 52 37 39 54 55 50 51 52 47 51 65 42 49 43 49 57 53 47 47 60 36 45 42 40
51 48 55 55 47 41 52 54 46 47 46 57 42 64 46 50 42 44 56 53 48 45 54 42 59 52 49 49 42 47 45 43 47 45 53 41 43 41 55 50 48 47 53 51 54 24 57 42 40 49 45 46 63 41 59 39 41 57 50 52 47 47 34 54 56 54 46 52 41 46 59 49 54 32 55 45 52 37 41 54 55 50 51 52 47 51 65 42 49 43 49 57 53 47 47 60 36 46 42 40
51 48 55 56 47 41 52 56 46 47 46 57 42 65 46 50 42 44 56 53 48 45 54 42 59 53 49 49 42 47 45 43 48 45 53 41 43 41 55 50 48 47 54 51 54 25 58 42 40 49 45 46 64 42 59 39 41 57 51 52 47 48 34 54 56 54 46 52 41 46 59 49 54 33 55 45 52 37 42 54 55 50 51 52 47 52 65 42 49 43 49 57 53 47 47 60 36 46 43 41
51 48 55 56 47 41 52 56 46 48 46 58 42 65 47 50 42 44 57 53 48 45 55 42 59 53 49 49 42 47 45 43 48 45 53 41 43 41 55 50 48 47 54 51 54 25 59 42 40 49 45 47 64 42 59 39 41 57 51 52 47 48 34 56 56 54 46 52 41 46 59 49 54 33 55 45 52 37 42 54 55 50 51 52 48 52 66 42 49 43 50 58 54 47 47 61 36 47 43 41
51 48 55 57 47 42 52 56 47 48 47 58 42 65 47 50 42 44 57 53 48 45 55 42 59 53 49 49 42 47 46 45 48 45 53 41 43 41 55 50 48 48 55 51 55 25 59 42 41 50 45 47 64 43 59 39 41 57 52 52 47 48 34 56 56 54 46 53 41 46 59 49 54 33 55 45 52 37 42 54 55 50 51 52 48 53 66 43 49 43 51 58 54 47 47 61 37 48 43 41
52 48 55 57 47 42 52 56 47 49 47 58 42 65 47 50 42 44 57 53 48 46 55 42 59 53 51 50 42 47 46 45 48 45 53 42 43 41 55 50 48 49 55 52 55 25 60 42 41 50 45 47 64 43 59 40 41 57 52 52 47 48 34 56 56 54 47 53 42 46 59 49 54 33 55 46 52 38 43 54 55 50 51 52 48 53 66 43 49 44 51 58 54 47 48 61 38 48 43 41
