45.57
71.20
71.69
74.33
57.17
101.83
58.71
64.08
66.29
70.61
53.28
53.21
74.89
58.43
93.72
85.98
93.52
70.42
55.17
68.12
82.91
84.94
67.09
73.81
54.48
62.64
47.37
53.69
65.97
105.26
50.49
77.95
101.25
73.60
85.42
88.61
68.30
71.10
53.16
85.93
64.83
63.42
91.29
53.55
75.89
160.48
47.45
88.87
75.90
72.21
65.76
68.52
54.75
90.98
51.07
102.53
92.67
72.82
88.39
90.90
78.45
57.38
106.01
69.97
81.64
58.56
79.03
66.37
71.54
67.74
56.21
81.89
53.88
86.49
59.47
73.01
68.21
116.46
94.46
47.81
71.02
82.48
63.28
59.74
67.97
79.21
70.83
106.05
66.89
85.30
72.37
46.96
74.86
67.47
81.92
70.31
55.42
91.52
64.46
89.05
