210.51
195.85
291.35
177.67
221.81
192.97
197.94
175.24
211.96
224.74
193.97
189.06
235.04
195.26
272.88
186.47
245.78
333.21
185.29
176.03
184.76
199.50
223.59
192.56
180.31
177.13
222.16
156.66
171.73
220.78
183.53
254.79
249.52
253.98
231.46
204.06
185.27
219.08
194.81
218.77
244.25
181.39
198.86
170.65
213.70
208.09
175.80
219.99
183.61
232.99
169.28
184.90
165.23
281.90
189.42
255.27
230.04
200.67
233.14
198.73
162.01
252.68
197.55
184.92
254.74
158.64
216.83
201.52
218.13
164.12
167.76
196.09
172.20
231.36
188.95
178.80
198.95
207.12
206.66
207.79
169.32
182.38
241.31
231.30
232.56
173.52
190.72
201.62
169.16
268.89
238.54
192.60
200.04
241.09
246.96
211.82
233.60
189.95
210.49
197.74
